48
1.33333	2.66667	0	0
2.66667	1.33333	0	0
1.33333	-2.66667	0	0
2.66667	-1.33333	0	0
1.33333	0	2.66667	0
2.66667	0	1.33333	0
1.33333	0	-2.66667	0
2.66667	0	-1.33333	0
1.33333	0	0	2.66667
2.66667	0	0	1.33333
1.33333	0	0	-2.66667
2.66667	0	0	-1.33333
-1.33333	2.66667	0	0
-2.66667	1.33333	0	0
-1.33333	-2.66667	0	0
-2.66667	-1.33333	0	0
-1.33333	0	2.66667	0
-2.66667	0	1.33333	0
-1.33333	0	-2.66667	0
-2.66667	0	-1.33333	0
-1.33333	0	0	2.66667
-2.66667	0	0	1.33333
-1.33333	0	0	-2.66667
-2.66667	0	0	-1.33333
0	1.33333	2.66667	0
0	2.66667	1.33333	0
0	1.33333	-2.66667	0
0	2.66667	-1.33333	0
0	1.33333	0	2.66667
0	2.66667	0	1.33333
0	1.33333	0	-2.66667
0	2.66667	0	-1.33333
0	-1.33333	2.66667	0
0	-2.66667	1.33333	0
0	-1.33333	-2.66667	0
0	-2.66667	-1.33333	0
0	-1.33333	0	2.66667
0	-2.66667	0	1.33333
0	-1.33333	0	-2.66667
0	-2.66667	0	-1.33333
0	0	1.33333	2.66667
0	0	2.66667	1.33333
0	0	1.33333	-2.66667
0	0	2.66667	-1.33333
0	0	-1.33333	2.66667
0	0	-2.66667	1.33333
0	0	-1.33333	-2.66667
0	0	-2.66667	-1.33333
120
15	19
19	23
23	15
19	21
21	15
15	17
17	23
17	21
13	19
23	13
21	13
13	17
14	35
35	39
39	14
35	37
37	14
14	33
33	39
33	37
2	35
39	2
37	2
2	33
18	34
34	47
47	18
34	45
45	18
18	26
26	47
26	45
6	34
47	6
45	6
6	26
22	38
38	46
46	22
38	42
42	22
22	30
30	46
30	42
10	38
46	10
42	10
10	30
3	7
7	11
11	3
7	9
9	3
3	5
5	11
5	9
1	7
11	1
9	1
1	5
12	27
27	31
31	12
27	29
29	12
12	25
25	31
25	29
0	27
31	0
29	0
0	25
16	32
32	43
43	16
32	41
41	16
16	24
24	43
24	41
4	32
43	4
41	4
4	24
20	36
36	44
44	20
36	40
40	20
20	28
28	44
28	40
8	36
44	8
40	8
8	28
35	34
18	19
15	14
39	38
22	23
47	46
37	36
20	21
45	44
33	32
16	17
43	42
41	40
27	26
13	12
31	30
29	28
25	24
6	7
3	2
10	11
8	9
4	5
1	0
96
3	15	19	23
3	15	19	21
3	15	17	23
3	15	17	21
3	13	19	23
3	13	19	21
3	13	17	23
3	13	17	21
3	14	35	39
3	14	35	37
3	14	33	39
3	14	33	37
3	2	35	39
3	2	35	37
3	2	33	39
3	2	33	37
3	18	34	47
3	18	34	45
3	18	26	47
3	18	26	45
3	6	34	47
3	6	34	45
3	6	26	47
3	6	26	45
3	22	38	46
3	22	38	42
3	22	30	46
3	22	30	42
3	10	38	46
3	10	38	42
3	10	30	46
3	10	30	42
3	3	7	11
3	3	7	9
3	3	5	11
3	3	5	9
3	1	7	11
3	1	7	9
3	1	5	11
3	1	5	9
3	12	27	31
3	12	27	29
3	12	25	31
3	12	25	29
3	0	27	31
3	0	27	29
3	0	25	31
3	0	25	29
3	16	32	43
3	16	32	41
3	16	24	43
3	16	24	41
3	4	32	43
3	4	32	41
3	4	24	43
3	4	24	41
3	20	36	44
3	20	36	40
3	20	28	44
3	20	28	40
3	8	36	44
3	8	36	40
3	8	28	44
3	8	28	40
6	14	35	34	18	19	15
6	14	39	38	22	23	15
6	18	47	46	22	23	19
6	34	47	46	38	39	35
6	14	37	36	20	21	15
6	18	45	44	20	21	19
6	34	45	44	36	37	35
6	14	33	32	16	17	15
6	16	43	42	22	23	17
6	32	43	42	38	39	33
6	16	41	40	20	21	17
6	32	41	40	36	37	33
6	12	27	26	18	19	13
6	12	31	30	22	23	13
6	26	47	46	30	31	27
6	12	29	28	20	21	13
6	26	45	44	28	29	27
6	12	25	24	16	17	13
6	24	43	42	30	31	25
6	24	41	40	28	29	25
6	2	35	34	6	7	3
6	2	39	38	10	11	3
6	6	47	46	10	11	7
6	2	37	36	8	9	3
6	6	45	44	8	9	7
6	2	33	32	4	5	3
6	4	43	42	10	11	5
6	4	41	40	8	9	5
6	0	27	26	6	7	1
6	0	31	30	10	11	1
6	0	29	28	8	9	1
6	0	25	24	4	5	1
