576
-2.24264	-0.928932	-0.24264	-0.585786
-2.24264	-0.928932	-0.585786	0.24264
-2.24264	-0.928932	0.585786	-0.24264
-2.24264	-0.928932	0.24264	0.585786
-2.24264	-0.585786	-0.928932	-0.24264
-2.24264	-0.24264	-0.928932	0.585786
-2.24264	0.24264	-0.928932	-0.585786
-2.24264	0.585786	-0.928932	0.24264
-2.24264	-0.24264	-0.585786	-0.928932
-2.24264	-0.585786	0.24264	-0.928932
-2.24264	0.585786	-0.24264	-0.928932
-2.24264	0.24264	0.585786	-0.928932
-2.24264	0.928932	-0.585786	-0.24264
-2.24264	0.928932	-0.24264	0.585786
-2.24264	0.928932	0.24264	-0.585786
-2.24264	0.928932	0.585786	0.24264
-2.24264	-0.24264	0.928932	-0.585786
-2.24264	-0.585786	0.928932	0.24264
-2.24264	0.585786	0.928932	-0.24264
-2.24264	0.24264	0.928932	0.585786
-2.24264	-0.585786	-0.24264	0.928932
-2.24264	-0.24264	0.585786	0.928932
-2.24264	0.24264	-0.585786	0.928932
-2.24264	0.585786	0.24264	0.928932
-0.928932	-2.24264	-0.585786	-0.24264
-0.928932	-2.24264	-0.24264	0.585786
-0.928932	-2.24264	0.24264	-0.585786
-0.928932	-2.24264	0.585786	0.24264
-0.24264	-2.24264	-0.928932	-0.585786
-0.585786	-2.24264	-0.928932	0.24264
0.585786	-2.24264	-0.928932	-0.24264
0.24264	-2.24264	-0.928932	0.585786
-0.585786	-2.24264	-0.24264	-0.928932
-0.24264	-2.24264	0.585786	-0.928932
0.24264	-2.24264	-0.585786	-0.928932
0.585786	-2.24264	0.24264	-0.928932
-0.585786	-2.24264	0.928932	-0.24264
-0.24264	-2.24264	0.928932	0.585786
0.24264	-2.24264	0.928932	-0.585786
0.585786	-2.24264	0.928932	0.24264
-0.24264	-2.24264	-0.585786	0.928932
-0.585786	-2.24264	0.24264	0.928932
0.585786	-2.24264	-0.24264	0.928932
0.24264	-2.24264	0.585786	0.928932
0.928932	-2.24264	-0.24264	-0.585786
0.928932	-2.24264	-0.585786	0.24264
0.928932	-2.24264	0.585786	-0.24264
0.928932	-2.24264	0.24264	0.585786
-0.928932	-0.24264	-2.24264	-0.585786
-0.928932	-0.585786	-2.24264	0.24264
-0.928932	0.585786	-2.24264	-0.24264
-0.928932	0.24264	-2.24264	0.585786
-0.585786	-0.928932	-2.24264	-0.24264
-0.24264	-0.928932	-2.24264	0.585786
0.24264	-0.928932	-2.24264	-0.585786
0.585786	-0.928932	-2.24264	0.24264
-0.24264	-0.585786	-2.24264	-0.928932
-0.585786	0.24264	-2.24264	-0.928932
0.585786	-0.24264	-2.24264	-0.928932
0.24264	0.585786	-2.24264	-0.928932
-0.585786	-0.24264	-2.24264	0.928932
-0.24264	0.585786	-2.24264	0.928932
0.24264	-0.585786	-2.24264	0.928932
0.585786	0.24264	-2.24264	0.928932
0.928932	-0.585786	-2.24264	-0.24264
0.928932	-0.24264	-2.24264	0.585786
0.928932	0.24264	-2.24264	-0.585786
0.928932	0.585786	-2.24264	0.24264
-0.24264	0.928932	-2.24264	-0.585786
-0.585786	0.928932	-2.24264	0.24264
0.585786	0.928932	-2.24264	-0.24264
0.24264	0.928932	-2.24264	0.585786
-0.928932	-0.585786	-0.24264	-2.24264
-0.928932	-0.24264	0.585786	-2.24264
-0.928932	0.24264	-0.585786	-2.24264
-0.928932	0.585786	0.24264	-2.24264
-0.24264	-0.928932	-0.585786	-2.24264
-0.585786	-0.928932	0.24264	-2.24264
0.585786	-0.928932	-0.24264	-2.24264
0.24264	-0.928932	0.585786	-2.24264
-0.585786	-0.24264	-0.928932	-2.24264
-0.24264	0.585786	-0.928932	-2.24264
0.24264	-0.585786	-0.928932	-2.24264
0.585786	0.24264	-0.928932	-2.24264
0.928932	-0.24264	-0.585786	-2.24264
0.928932	-0.585786	0.24264	-2.24264
0.928932	0.585786	-0.24264	-2.24264
0.928932	0.24264	0.585786	-2.24264
-0.585786	0.928932	-0.24264	-2.24264
-0.24264	0.928932	0.585786	-2.24264
0.24264	0.928932	-0.585786	-2.24264
0.585786	0.928932	0.24264	-2.24264
-0.24264	-0.585786	0.928932	-2.24264
-0.585786	0.24264	0.928932	-2.24264
0.585786	-0.24264	0.928932	-2.24264
0.24264	0.585786	0.928932	-2.24264
2.24264	-0.928932	-0.585786	-0.24264
2.24264	-0.928932	-0.24264	0.585786
2.24264	-0.928932	0.24264	-0.585786
2.24264	-0.928932	0.585786	0.24264
2.24264	-0.24264	-0.928932	-0.585786
2.24264	-0.585786	-0.928932	0.24264
2.24264	0.585786	-0.928932	-0.24264
2.24264	0.24264	-0.928932	0.585786
2.24264	-0.585786	-0.24264	-0.928932
2.24264	-0.24264	0.585786	-0.928932
2.24264	0.24264	-0.585786	-0.928932
2.24264	0.585786	0.24264	-0.928932
2.24264	0.928932	-0.24264	-0.585786
2.24264	0.928932	-0.585786	0.24264
2.24264	0.928932	0.585786	-0.24264
2.24264	0.928932	0.24264	0.585786
2.24264	-0.585786	0.928932	-0.24264
2.24264	-0.24264	0.928932	0.585786
2.24264	0.24264	0.928932	-0.585786
2.24264	0.585786	0.928932	0.24264
2.24264	-0.24264	-0.585786	0.928932
2.24264	-0.585786	0.24264	0.928932
2.24264	0.585786	-0.24264	0.928932
2.24264	0.24264	0.585786	0.928932
-0.928932	2.24264	-0.24264	-0.585786
-0.928932	2.24264	-0.585786	0.24264
-0.928932	2.24264	0.585786	-0.24264
-0.928932	2.24264	0.24264	0.585786
-0.585786	2.24264	-0.928932	-0.24264
-0.24264	2.24264	-0.928932	0.585786
0.24264	2.24264	-0.928932	-0.585786
0.585786	2.24264	-0.928932	0.24264
-0.24264	2.24264	-0.585786	-0.928932
-0.585786	2.24264	0.24264	-0.928932
0.585786	2.24264	-0.24264	-0.928932
0.24264	2.24264	0.585786	-0.928932
0.928932	2.24264	-0.585786	-0.24264
0.928932	2.24264	-0.24264	0.585786
0.928932	2.24264	0.24264	-0.585786
0.928932	2.24264	0.585786	0.24264
-0.24264	2.24264	0.928932	-0.585786
-0.585786	2.24264	0.928932	0.24264
0.585786	2.24264	0.928932	-0.24264
0.24264	2.24264	0.928932	0.585786
-0.585786	2.24264	-0.24264	0.928932
-0.24264	2.24264	0.585786	0.928932
0.24264	2.24264	-0.585786	0.928932
0.585786	2.24264	0.24264	0.928932
-0.928932	-0.585786	2.24264	-0.24264
-0.928932	-0.24264	2.24264	0.585786
-0.928932	0.24264	2.24264	-0.585786
-0.928932	0.585786	2.24264	0.24264
-0.24264	-0.928932	2.24264	-0.585786
-0.585786	-0.928932	2.24264	0.24264
0.585786	-0.928932	2.24264	-0.24264
0.24264	-0.928932	2.24264	0.585786
-0.585786	-0.24264	2.24264	-0.928932
-0.24264	0.585786	2.24264	-0.928932
0.24264	-0.585786	2.24264	-0.928932
0.585786	0.24264	2.24264	-0.928932
0.928932	-0.24264	2.24264	-0.585786
0.928932	-0.585786	2.24264	0.24264
0.928932	0.585786	2.24264	-0.24264
0.928932	0.24264	2.24264	0.585786
-0.585786	0.928932	2.24264	-0.24264
-0.24264	0.928932	2.24264	0.585786
0.24264	0.928932	2.24264	-0.585786
0.585786	0.928932	2.24264	0.24264
-0.24264	-0.585786	2.24264	0.928932
-0.585786	0.24264	2.24264	0.928932
0.585786	-0.24264	2.24264	0.928932
0.24264	0.585786	2.24264	0.928932
-0.928932	-0.24264	-0.585786	2.24264
-0.928932	-0.585786	0.24264	2.24264
-0.928932	0.585786	-0.24264	2.24264
-0.928932	0.24264	0.585786	2.24264
-0.585786	-0.928932	-0.24264	2.24264
-0.24264	-0.928932	0.585786	2.24264
0.24264	-0.928932	-0.585786	2.24264
0.585786	-0.928932	0.24264	2.24264
-0.24264	-0.585786	-0.928932	2.24264
-0.585786	0.24264	-0.928932	2.24264
0.585786	-0.24264	-0.928932	2.24264
0.24264	0.585786	-0.928932	2.24264
0.928932	-0.585786	-0.24264	2.24264
0.928932	-0.24264	0.585786	2.24264
0.928932	0.24264	-0.585786	2.24264
0.928932	0.585786	0.24264	2.24264
-0.24264	0.928932	-0.585786	2.24264
-0.585786	0.928932	0.24264	2.24264
0.585786	0.928932	-0.24264	2.24264
0.24264	0.928932	0.585786	2.24264
-0.585786	-0.24264	0.928932	2.24264
-0.24264	0.585786	0.928932	2.24264
0.24264	-0.585786	0.928932	2.24264
0.585786	0.24264	0.928932	2.24264
-2	-1.17157	-0.828428	-0.48528
-1.17157	-2	-0.48528	-0.828428
-1.41421	-1.75736	-1.07107	-0.24264
-1.75736	-1.41421	-0.24264	-1.07107
-2	-0.48528	-1.17157	-0.828428
-1.17157	-0.828428	-2	-0.48528
-1.75736	-1.07107	-1.41421	-0.24264
-1.41421	-0.24264	-1.75736	-1.07107
-2	-0.828428	-0.48528	-1.17157
-1.17157	-0.48528	-0.828428	-2
-1.41421	-1.07107	-0.24264	-1.75736
-1.75736	-0.24264	-1.07107	-1.41421
-0.828428	-2	-1.17157	-0.48528
-0.48528	-1.17157	-2	-0.828428
-1.07107	-1.41421	-1.75736	-0.24264
-0.24264	-1.75736	-1.41421	-1.07107
-0.48528	-2	-0.828428	-1.17157
-0.828428	-1.17157	-0.48528	-2
-1.07107	-1.75736	-0.24264	-1.41421
-0.24264	-1.41421	-1.07107	-1.75736
-0.828428	-0.48528	-2	-1.17157
-0.48528	-0.828428	-1.17157	-2
-1.07107	-0.24264	-1.41421	-1.75736
-0.24264	-1.07107	-1.75736	-1.41421
-2	-1.17157	-0.48528	0.828428
-1.17157	-2	-0.828428	0.48528
-1.75736	-1.41421	-1.07107	0.24264
-1.41421	-1.75736	-0.24264	1.07107
-2	-0.828428	-1.17157	0.48528
-1.17157	-0.48528	-2	0.828428
-1.41421	-1.07107	-1.75736	0.24264
-1.75736	-0.24264	-1.41421	1.07107
-0.48528	-2	-1.17157	0.828428
-0.828428	-1.17157	-2	0.48528
-1.07107	-1.75736	-1.41421	0.24264
-0.24264	-1.41421	-1.75736	1.07107
-2	-0.48528	-0.828428	1.17157
-1.17157	-0.828428	-0.48528	2
-1.75736	-1.07107	-0.24264	1.41421
-1.41421	-0.24264	-1.07107	1.75736
-0.828428	-2	-0.48528	1.17157
-0.48528	-1.17157	-0.828428	2
-1.07107	-1.41421	-0.24264	1.75736
-0.24264	-1.75736	-1.07107	1.41421
-0.48528	-0.828428	-2	1.17157
-0.828428	-0.48528	-1.17157	2
-1.07107	-0.24264	-1.75736	1.41421
-0.24264	-1.07107	-1.41421	1.75736
-2	-1.17157	0.48528	-0.828428
-1.17157	-2	0.828428	-0.48528
-1.41421	-1.75736	0.24264	-1.07107
-1.75736	-1.41421	1.07107	-0.24264
-2	-0.48528	0.828428	-1.17157
-1.17157	-0.828428	0.48528	-2
-1.75736	-1.07107	0.24264	-1.41421
-1.41421	-0.24264	1.07107	-1.75736
-0.828428	-2	0.48528	-1.17157
-0.48528	-1.17157	0.828428	-2
-1.07107	-1.41421	0.24264	-1.75736
-0.24264	-1.75736	1.07107	-1.41421
-2	-0.828428	1.17157	-0.48528
-1.17157	-0.48528	2	-0.828428
-1.41421	-1.07107	1.75736	-0.24264
-1.75736	-0.24264	1.41421	-1.07107
-0.48528	-2	1.17157	-0.828428
-0.828428	-1.17157	2	-0.48528
-1.07107	-1.75736	1.41421	-0.24264
-0.24264	-1.41421	1.75736	-1.07107
-0.828428	-0.48528	1.17157	-2
-0.48528	-0.828428	2	-1.17157
-1.07107	-0.24264	1.75736	-1.41421
-0.24264	-1.07107	1.41421	-1.75736
-2	-1.17157	0.828428	0.48528
-1.17157	-2	0.48528	0.828428
-1.75736	-1.41421	0.24264	1.07107
-1.41421	-1.75736	1.07107	0.24264
-2	-0.48528	1.17157	0.828428
-1.17157	-0.828428	2	0.48528
-1.75736	-1.07107	1.41421	0.24264
-1.41421	-0.24264	1.75736	1.07107
-2	-0.828428	0.48528	1.17157
-1.17157	-0.48528	0.828428	2
-1.41421	-1.07107	0.24264	1.75736
-1.75736	-0.24264	1.07107	1.41421
-0.828428	-2	1.17157	0.48528
-0.48528	-1.17157	2	0.828428
-1.07107	-1.41421	1.75736	0.24264
-0.24264	-1.75736	1.41421	1.07107
-0.48528	-2	0.828428	1.17157
-0.828428	-1.17157	0.48528	2
-1.07107	-1.75736	0.24264	1.41421
-0.24264	-1.41421	1.07107	1.75736
-0.828428	-0.48528	2	1.17157
-0.48528	-0.828428	1.17157	2
-1.07107	-0.24264	1.41421	1.75736
-0.24264	-1.07107	1.75736	1.41421
-2	0.828428	-1.17157	-0.48528
-1.17157	0.48528	-2	-0.828428
-1.75736	0.24264	-1.41421	-1.07107
-1.41421	1.07107	-1.75736	-0.24264
-2	0.48528	-0.828428	-1.17157
-1.17157	0.828428	-0.48528	-2
-1.41421	0.24264	-1.07107	-1.75736
-1.75736	1.07107	-0.24264	-1.41421
-0.48528	0.828428	-2	-1.17157
-0.828428	0.48528	-1.17157	-2
-1.07107	0.24264	-1.75736	-1.41421
-0.24264	1.07107	-1.41421	-1.75736
-2	1.17157	-0.48528	-0.828428
-1.17157	2	-0.828428	-0.48528
-1.75736	1.41421	-1.07107	-0.24264
-1.41421	1.75736	-0.24264	-1.07107
-0.828428	1.17157	-2	-0.48528
-0.48528	2	-1.17157	-0.828428
-1.07107	1.75736	-1.41421	-0.24264
-0.24264	1.41421	-1.75736	-1.07107
-0.48528	1.17157	-0.828428	-2
-0.828428	2	-0.48528	-1.17157
-1.07107	1.41421	-0.24264	-1.75736
-0.24264	1.75736	-1.07107	-1.41421
-2	0.48528	-1.17157	0.828428
-1.17157	0.828428	-2	0.48528
-1.41421	0.24264	-1.75736	1.07107
-1.75736	1.07107	-1.41421	0.24264
-2	1.17157	-0.828428	0.48528
-1.17157	2	-0.48528	0.828428
-1.41421	1.75736	-1.07107	0.24264
-1.75736	1.41421	-0.24264	1.07107
-2	0.828428	-0.48528	1.17157
-1.17157	0.48528	-0.828428	2
-1.75736	0.24264	-1.07107	1.41421
-1.41421	1.07107	-0.24264	1.75736
-0.828428	0.48528	-2	1.17157
-0.48528	0.828428	-1.17157	2
-1.07107	0.24264	-1.41421	1.75736
-0.24264	1.07107	-1.75736	1.41421
-0.48528	1.17157	-2	0.828428
-0.828428	2	-1.17157	0.48528
-1.07107	1.41421	-1.75736	0.24264
-0.24264	1.75736	-1.41421	1.07107
-0.48528	2	-0.828428	1.17157
-0.828428	1.17157	-0.48528	2
-1.07107	1.75736	-0.24264	1.41421
-0.24264	1.41421	-1.07107	1.75736
-2	0.828428	0.48528	-1.17157
-1.17157	0.48528	0.828428	-2
-1.75736	0.24264	1.07107	-1.41421
-1.41421	1.07107	0.24264	-1.75736
-2	1.17157	0.828428	-0.48528
-1.17157	2	0.48528	-0.828428
-1.75736	1.41421	0.24264	-1.07107
-1.41421	1.75736	1.07107	-0.24264
-2	0.48528	1.17157	-0.828428
-1.17157	0.828428	2	-0.48528
-1.41421	0.24264	1.75736	-1.07107
-1.75736	1.07107	1.41421	-0.24264
-0.828428	1.17157	0.48528	-2
-0.48528	2	0.828428	-1.17157
-1.07107	1.75736	0.24264	-1.41421
-0.24264	1.41421	1.07107	-1.75736
-0.48528	0.828428	1.17157	-2
-0.828428	0.48528	2	-1.17157
-1.07107	0.24264	1.41421	-1.75736
-0.24264	1.07107	1.75736	-1.41421
-0.828428	2	1.17157	-0.48528
-0.48528	1.17157	2	-0.828428
-1.07107	1.41421	1.75736	-0.24264
-0.24264	1.75736	1.41421	-1.07107
-2	1.17157	0.48528	0.828428
-1.17157	2	0.828428	0.48528
-1.41421	1.75736	0.24264	1.07107
-1.75736	1.41421	1.07107	0.24264
-2	0.828428	1.17157	0.48528
-1.17157	0.48528	2	0.828428
-1.75736	0.24264	1.41421	1.07107
-1.41421	1.07107	1.75736	0.24264
-2	0.48528	0.828428	1.17157
-1.17157	0.828428	0.48528	2
-1.41421	0.24264	1.07107	1.75736
-1.75736	1.07107	0.24264	1.41421
-0.48528	2	1.17157	0.828428
-0.828428	1.17157	2	0.48528
-1.07107	1.75736	1.41421	0.24264
-0.24264	1.41421	1.75736	1.07107
-0.828428	2	0.48528	1.17157
-0.48528	1.17157	0.828428	2
-1.07107	1.41421	0.24264	1.75736
-0.24264	1.75736	1.07107	1.41421
-0.48528	0.828428	2	1.17157
-0.828428	0.48528	1.17157	2
-1.07107	0.24264	1.75736	1.41421
-0.24264	1.07107	1.41421	1.75736
0.48528	-2	-1.17157	-0.828428
0.828428	-1.17157	-2	-0.48528
0.24264	-1.41421	-1.75736	-1.07107
1.07107	-1.75736	-1.41421	-0.24264
0.828428	-2	-0.48528	-1.17157
0.48528	-1.17157	-0.828428	-2
0.24264	-1.75736	-1.07107	-1.41421
1.07107	-1.41421	-0.24264	-1.75736
0.48528	-0.828428	-2	-1.17157
0.828428	-0.48528	-1.17157	-2
0.24264	-1.07107	-1.41421	-1.75736
1.07107	-0.24264	-1.75736	-1.41421
1.17157	-2	-0.828428	-0.48528
2	-1.17157	-0.48528	-0.828428
1.75736	-1.41421	-1.07107	-0.24264
1.41421	-1.75736	-0.24264	-1.07107
1.17157	-0.48528	-2	-0.828428
2	-0.828428	-1.17157	-0.48528
1.41421	-1.07107	-1.75736	-0.24264
1.75736	-0.24264	-1.41421	-1.07107
1.17157	-0.828428	-0.48528	-2
2	-0.48528	-0.828428	-1.17157
1.75736	-1.07107	-0.24264	-1.41421
1.41421	-0.24264	-1.07107	-1.75736
0.828428	-2	-1.17157	0.48528
0.48528	-1.17157	-2	0.828428
0.24264	-1.75736	-1.41421	1.07107
1.07107	-1.41421	-1.75736	0.24264
0.48528	-2	-0.828428	1.17157
0.828428	-1.17157	-0.48528	2
0.24264	-1.41421	-1.07107	1.75736
1.07107	-1.75736	-0.24264	1.41421
0.828428	-0.48528	-2	1.17157
0.48528	-0.828428	-1.17157	2
0.24264	-1.07107	-1.75736	1.41421
1.07107	-0.24264	-1.41421	1.75736
1.17157	-2	-0.48528	0.828428
2	-1.17157	-0.828428	0.48528
1.41421	-1.75736	-1.07107	0.24264
1.75736	-1.41421	-0.24264	1.07107
1.17157	-0.828428	-2	0.48528
2	-0.48528	-1.17157	0.828428
1.75736	-1.07107	-1.41421	0.24264
1.41421	-0.24264	-1.75736	1.07107
2	-0.828428	-0.48528	1.17157
1.17157	-0.48528	-0.828428	2
1.41421	-1.07107	-0.24264	1.75736
1.75736	-0.24264	-1.07107	1.41421
0.48528	-2	0.828428	-1.17157
0.828428	-1.17157	0.48528	-2
0.24264	-1.41421	1.07107	-1.75736
1.07107	-1.75736	0.24264	-1.41421
0.828428	-2	1.17157	-0.48528
0.48528	-1.17157	2	-0.828428
0.24264	-1.75736	1.41421	-1.07107
1.07107	-1.41421	1.75736	-0.24264
1.17157	-2	0.48528	-0.828428
2	-1.17157	0.828428	-0.48528
1.75736	-1.41421	0.24264	-1.07107
1.41421	-1.75736	1.07107	-0.24264
1.17157	-0.48528	0.828428	-2
2	-0.828428	0.48528	-1.17157
1.41421	-1.07107	0.24264	-1.75736
1.75736	-0.24264	1.07107	-1.41421
0.48528	-0.828428	1.17157	-2
0.828428	-0.48528	2	-1.17157
0.24264	-1.07107	1.75736	-1.41421
1.07107	-0.24264	1.41421	-1.75736
2	-0.48528	1.17157	-0.828428
1.17157	-0.828428	2	-0.48528
1.75736	-1.07107	1.41421	-0.24264
1.41421	-0.24264	1.75736	-1.07107
0.48528	-2	1.17157	0.828428
0.828428	-1.17157	2	0.48528
0.24264	-1.41421	1.75736	1.07107
1.07107	-1.75736	1.41421	0.24264
0.828428	-2	0.48528	1.17157
0.48528	-1.17157	0.828428	2
0.24264	-1.75736	1.07107	1.41421
1.07107	-1.41421	0.24264	1.75736
1.17157	-2	0.828428	0.48528
2	-1.17157	0.48528	0.828428
1.41421	-1.75736	0.24264	1.07107
1.75736	-1.41421	1.07107	0.24264
2	-0.828428	1.17157	0.48528
1.17157	-0.48528	2	0.828428
1.41421	-1.07107	1.75736	0.24264
1.75736	-0.24264	1.41421	1.07107
2	-0.48528	0.828428	1.17157
1.17157	-0.828428	0.48528	2
1.75736	-1.07107	0.24264	1.41421
1.41421	-0.24264	1.07107	1.75736
0.48528	-0.828428	2	1.17157
0.828428	-0.48528	1.17157	2
0.24264	-1.07107	1.41421	1.75736
1.07107	-0.24264	1.75736	1.41421
0.828428	0.48528	-2	-1.17157
0.48528	0.828428	-1.17157	-2
0.24264	1.07107	-1.75736	-1.41421
1.07107	0.24264	-1.41421	-1.75736
1.17157	0.828428	-2	-0.48528
2	0.48528	-1.17157	-0.828428
1.41421	0.24264	-1.75736	-1.07107
1.75736	1.07107	-1.41421	-0.24264
1.17157	0.48528	-0.828428	-2
2	0.828428	-0.48528	-1.17157
1.75736	0.24264	-1.07107	-1.41421
1.41421	1.07107	-0.24264	-1.75736
0.48528	1.17157	-2	-0.828428
0.828428	2	-1.17157	-0.48528
0.24264	1.75736	-1.41421	-1.07107
1.07107	1.41421	-1.75736	-0.24264
0.828428	1.17157	-0.48528	-2
0.48528	2	-0.828428	-1.17157
0.24264	1.41421	-1.07107	-1.75736
1.07107	1.75736	-0.24264	-1.41421
2	1.17157	-0.828428	-0.48528
1.17157	2	-0.48528	-0.828428
1.41421	1.75736	-1.07107	-0.24264
1.75736	1.41421	-0.24264	-1.07107
0.48528	0.828428	-2	1.17157
0.828428	0.48528	-1.17157	2
0.24264	1.07107	-1.41421	1.75736
1.07107	0.24264	-1.75736	1.41421
1.17157	0.48528	-2	0.828428
2	0.828428	-1.17157	0.48528
1.75736	0.24264	-1.41421	1.07107
1.41421	1.07107	-1.75736	0.24264
0.828428	1.17157	-2	0.48528
0.48528	2	-1.17157	0.828428
0.24264	1.41421	-1.75736	1.07107
1.07107	1.75736	-1.41421	0.24264
2	1.17157	-0.48528	0.828428
1.17157	2	-0.828428	0.48528
1.75736	1.41421	-1.07107	0.24264
1.41421	1.75736	-0.24264	1.07107
2	0.48528	-0.828428	1.17157
1.17157	0.828428	-0.48528	2
1.41421	0.24264	-1.07107	1.75736
1.75736	1.07107	-0.24264	1.41421
0.828428	2	-0.48528	1.17157
0.48528	1.17157	-0.828428	2
0.24264	1.75736	-1.07107	1.41421
1.07107	1.41421	-0.24264	1.75736
1.17157	0.828428	0.48528	-2
2	0.48528	0.828428	-1.17157
1.41421	0.24264	1.07107	-1.75736
1.75736	1.07107	0.24264	-1.41421
0.48528	1.17157	0.828428	-2
0.828428	2	0.48528	-1.17157
0.24264	1.75736	1.07107	-1.41421
1.07107	1.41421	0.24264	-1.75736
0.828428	0.48528	1.17157	-2
0.48528	0.828428	2	-1.17157
0.24264	1.07107	1.41421	-1.75736
1.07107	0.24264	1.75736	-1.41421
2	1.17157	0.48528	-0.828428
1.17157	2	0.828428	-0.48528
1.41421	1.75736	0.24264	-1.07107
1.75736	1.41421	1.07107	-0.24264
2	0.828428	1.17157	-0.48528
1.17157	0.48528	2	-0.828428
1.75736	0.24264	1.41421	-1.07107
1.41421	1.07107	1.75736	-0.24264
0.48528	2	1.17157	-0.828428
0.828428	1.17157	2	-0.48528
0.24264	1.41421	1.75736	-1.07107
1.07107	1.75736	1.41421	-0.24264
2	1.17157	0.828428	0.48528
1.17157	2	0.48528	0.828428
1.75736	1.41421	0.24264	1.07107
1.41421	1.75736	1.07107	0.24264
2	0.48528	1.17157	0.828428
1.17157	0.828428	2	0.48528
1.41421	0.24264	1.75736	1.07107
1.75736	1.07107	1.41421	0.24264
2	0.828428	0.48528	1.17157
1.17157	0.48528	0.828428	2
1.75736	0.24264	1.07107	1.41421
1.41421	1.07107	0.24264	1.75736
0.828428	2	1.17157	0.48528
0.48528	1.17157	2	0.828428
0.24264	1.75736	1.41421	1.07107
1.07107	1.41421	1.75736	0.24264
0.48528	2	0.828428	1.17157
0.828428	1.17157	0.48528	2
0.24264	1.41421	1.07107	1.75736
1.07107	1.75736	0.24264	1.41421
0.828428	0.48528	2	1.17157
0.48528	0.828428	1.17157	2
0.24264	1.07107	1.75736	1.41421
1.07107	0.24264	1.41421	1.75736
2592
0	2
2	3
3	1
1	0
24	26
26	27
27	25
25	24
192	195
195	193
193	194
194	192
216	219
219	217
217	218
218	216
240	243
243	241
241	242
242	240
264	267
267	265
265	266
266	264
4	6
6	7
7	5
5	4
48	50
50	51
51	49
49	48
196	199
199	197
197	198
198	196
220	223
223	221
221	222
222	220
288	291
291	289
289	290
290	288
312	315
315	313
313	314
314	312
8	10
10	11
11	9
9	8
72	74
74	75
75	73
73	72
200	203
203	201
201	202
202	200
244	247
247	245
245	246
246	244
292	295
295	293
293	294
294	292
336	339
339	337
337	338
338	336
28	30
30	31
31	29
29	28
52	54
54	55
55	53
53	52
204	207
207	205
205	206
206	204
224	227
227	225
225	226
226	224
384	387
387	385
385	386
386	384
408	411
411	409
409	410
410	408
32	34
34	35
35	33
33	32
76	78
78	79
79	77
77	76
208	211
211	209
209	210
210	208
248	251
251	249
249	250
250	248
388	391
391	389
389	390
390	388
432	435
435	433
433	434
434	432
56	58
58	59
59	57
57	56
80	82
82	83
83	81
81	80
212	215
215	213
213	214
214	212
296	299
299	297
297	298
298	296
392	395
395	393
393	394
394	392
480	483
483	481
481	482
482	480
12	14
14	15
15	13
13	12
120	122
122	123
123	121
121	120
300	303
303	301
301	302
302	300
316	319
319	317
317	318
318	316
340	343
343	341
341	342
342	340
360	363
363	361
361	362
362	360
16	18
18	19
19	17
17	16
144	146
146	147
147	145
145	144
252	255
255	253
253	254
254	252
268	271
271	269
269	270
270	268
344	347
347	345
345	346
346	344
364	367
367	365
365	366
366	364
20	22
22	23
23	21
21	20
168	170
170	171
171	169
169	168
228	231
231	229
229	230
230	228
272	275
275	273
273	274
274	272
320	323
323	321
321	322
322	320
368	371
371	369
369	370
370	368
36	38
38	39
39	37
37	36
148	150
150	151
151	149
149	148
256	259
259	257
257	258
258	256
276	279
279	277
277	278
278	276
436	439
439	437
437	438
438	436
456	459
459	457
457	458
458	456
40	42
42	43
43	41
41	40
172	174
174	175
175	173
173	172
232	235
235	233
233	234
234	232
280	283
283	281
281	282
282	280
412	415
415	413
413	414
414	412
460	463
463	461
461	462
462	460
60	62
62	63
63	61
61	60
176	178
178	179
179	177
177	176
236	239
239	237
237	238
238	236
324	327
327	325
325	326
326	324
416	419
419	417
417	418
418	416
504	507
507	505
505	506
506	504
44	46
46	47
47	45
45	44
96	98
98	99
99	97
97	96
396	399
399	397
397	398
398	396
420	423
423	421
421	422
422	420
440	443
443	441
441	442
442	440
464	467
467	465
465	466
466	464
64	66
66	67
67	65
65	64
100	102
102	103
103	101
101	100
400	403
403	401
401	402
402	400
424	427
427	425
425	426
426	424
484	487
487	485
485	486
486	484
508	511
511	509
509	510
510	508
84	86
86	87
87	85
85	84
104	106
106	107
107	105
105	104
404	407
407	405
405	406
406	404
444	447
447	445
445	446
446	444
488	491
491	489
489	490
490	488
528	531
531	529
529	530
530	528
68	70
70	71
71	69
69	68
124	126
126	127
127	125
125	124
304	307
307	305
305	306
306	304
328	331
331	329
329	330
330	328
492	495
495	493
493	494
494	492
512	515
515	513
513	514
514	512
88	90
90	91
91	89
89	88
128	130
130	131
131	129
129	128
308	311
311	309
309	310
310	308
348	351
351	349
349	350
350	348
496	499
499	497
497	498
498	496
532	535
535	533
533	534
534	532
92	94
94	95
95	93
93	92
152	154
154	155
155	153
153	152
260	263
263	261
261	262
262	260
352	355
355	353
353	354
354	352
448	451
451	449
449	450
450	448
536	539
539	537
537	538
538	536
108	110
110	111
111	109
109	108
132	134
134	135
135	133
133	132
500	503
503	501
501	502
502	500
516	519
519	517
517	518
518	516
540	543
543	541
541	542
542	540
552	555
555	553
553	554
554	552
112	114
114	115
115	113
113	112
156	158
158	159
159	157
157	156
452	455
455	453
453	454
454	452
468	471
471	469
469	470
470	468
544	547
547	545
545	546
546	544
556	559
559	557
557	558
558	556
116	118
118	119
119	117
117	116
180	182
182	183
183	181
181	180
428	431
431	429
429	430
430	428
472	475
475	473
473	474
474	472
520	523
523	521
521	522
522	520
560	563
563	561
561	562
562	560
136	138
138	139
139	137
137	136
160	162
162	163
163	161
161	160
356	359
359	357
357	358
358	356
372	375
375	373
373	374
374	372
548	551
551	549
549	550
550	548
564	567
567	565
565	566
566	564
140	142
142	143
143	141
141	140
184	186
186	187
187	185
185	184
332	335
335	333
333	334
334	332
376	379
379	377
377	378
378	376
524	527
527	525
525	526
526	524
568	571
571	569
569	570
570	568
164	166
166	167
167	165
165	164
188	190
190	191
191	189
189	188
284	287
287	285
285	286
286	284
380	383
383	381
381	382
382	380
476	479
479	477
477	478
478	476
572	575
575	573
573	574
574	572
1	192
192	218
218	1
0	195
195	240
240	0
24	194
194	217
217	24
26	193
193	242
242	26
2	243
243	264
264	2
3	216
216	266
266	3
27	241
241	267
267	27
25	219
219	265
265	25
4	198
198	220
220	4
6	196
196	290
290	6
49	197
197	222
222	49
48	199
199	289
289	48
7	288
288	315
315	7
5	223
223	312
312	5
51	221
221	314
314	51
50	291
291	313
313	50
9	200
200	246
246	9
8	203
203	292
292	8
72	202
202	245
245	72
74	201
201	294
294	74
10	295
295	336
336	10
11	244
244	338
338	11
75	293
293	339
339	75
73	247
247	337
337	73
29	204
204	226
226	29
52	206
206	225
225	52
28	207
207	384
384	28
54	205
205	386
386	54
31	224
224	410
410	31
53	227
227	409
409	53
30	387
387	408
408	30
55	385
385	411
411	55
32	210
210	248
248	32
77	209
209	250
250	77
34	208
208	390
390	34
76	211
211	389
389	76
33	251
251	432
432	33
35	388
388	435
435	35
78	391
391	433
433	78
79	249
249	434
434	79
57	212
212	298
298	57
80	214
214	297
297	80
56	215
215	392
392	56
82	213
213	394
394	82
58	395
395	480
480	58
83	393
393	483
483	83
59	296
296	482
482	59
81	299
299	481
481	81
12	302
302	316
316	12
14	300
300	342
342	14
15	340
340	363
363	15
13	319
319	360
360	13
121	301
301	318
318	121
120	303
303	341
341	120
122	343
343	361
361	122
123	317
317	362
362	123
17	252
252	270
270	17
16	255
255	344
344	16
18	347
347	364
364	18
19	268
268	366
366	19
144	254
254	269
269	144
146	253
253	346
346	146
147	345
345	367
367	147
145	271
271	365
365	145
20	230
230	272
272	20
22	228
228	322
322	22
23	320
320	371
371	23
21	275
275	368
368	21
169	229
229	274
274	169
168	231
231	321
321	168
170	323
323	369
369	170
171	273
273	370
370	171
36	258
258	276
276	36
38	256
256	438
438	38
149	257
257	278
278	149
37	279
279	456
456	37
39	436
436	459
459	39
148	259
259	437
437	148
150	439
439	457
457	150
151	277
277	458
458	151
41	232
232	282
282	41
40	235
235	412
412	40
172	234
234	281
281	172
43	280
280	462
462	43
174	233
233	414
414	174
42	415
415	460
460	42
175	413
413	463
463	175
173	283
283	461
461	173
60	238
238	324
324	60
62	236
236	418
418	62
177	237
237	326
326	177
176	239
239	417
417	176
63	416
416	507
507	63
61	327
327	504
504	61
178	419
419	505
505	178
179	325
325	506
506	179
45	396
396	422
422	45
44	399
399	440
440	44
46	443
443	464
464	46
47	420
420	466
466	47
96	398
398	421
421	96
98	397
397	442
442	98
99	441
441	467
467	99
97	423
423	465
465	97
64	402
402	424
424	64
66	400
400	486
486	66
65	427
427	508
508	65
101	401
401	426
426	101
100	403
403	485
485	100
67	484
484	511
511	67
102	487
487	509
509	102
103	425
425	510
510	103
85	404
404	446
446	85
84	407
407	488
488	84
104	406
406	445
445	104
106	405
405	490
490	106
86	491
491	528
528	86
87	444
444	530
530	87
107	489
489	531
531	107
105	447
447	529
529	105
69	304
304	330
330	69
68	307
307	492
492	68
124	306
306	329
329	124
71	328
328	514
514	71
70	495
495	512
512	70
126	305
305	494
494	126
127	493
493	515
515	127
125	331
331	513
513	125
88	310
310	348
348	88
90	308
308	498
498	90
129	309
309	350
350	129
91	496
496	535
535	91
128	311
311	497
497	128
89	351
351	532
532	89
130	499
499	533
533	130
131	349
349	534
534	131
93	260
260	354
354	93
92	263
263	448
448	92
152	262
262	353
353	152
154	261
261	450
450	154
94	451
451	536
536	94
95	352
352	538
538	95
155	449
449	539
539	155
153	355
355	537
537	153
109	500
500	518
518	109
108	503
503	540
540	108
132	502
502	517
517	132
134	501
501	542
542	134
110	543
543	552
552	110
111	516
516	554
554	111
135	541
541	555
555	135
133	519
519	553
553	133
157	453
453	470
470	157
112	454
454	468
468	112
114	452
452	546
546	114
156	455
455	545
545	156
115	544
544	559
559	115
113	471
471	556
556	113
158	547
547	557
557	158
159	469
469	558
558	159
180	430
430	473
473	180
182	429
429	522
522	182
117	428
428	474
474	117
116	431
431	520
520	116
118	523
523	560
560	118
119	472
472	562
562	119
183	521
521	563
563	183
181	475
475	561
561	181
137	356
356	374
374	137
160	358
358	373
373	160
136	359
359	548
548	136
162	357
357	550
550	162
138	551
551	564
564	138
163	549
549	567
567	163
139	372
372	566
566	139
161	375
375	565
565	161
140	334
334	376
376	140
185	333
333	378
378	185
184	335
335	525
525	184
142	332
332	526
526	142
143	524
524	571
571	143
186	527
527	569
569	186
141	379
379	568
568	141
187	377
377	570
570	187
165	284
284	382
382	165
188	286
286	381
381	188
164	287
287	476
476	164
190	285
285	478
478	190
166	479
479	572
572	166
191	477
477	575
575	191
167	380
380	574
574	167
189	383
383	573
573	189
0	4
4	8
8	0
1	5
5	20
20	1
2	9
9	16
16	2
3	17
17	21
21	3
6	10
10	12
12	6
7	13
13	22
22	7
11	14
14	18
18	11
15	19
19	23
23	15
24	28
28	32
32	24
25	29
29	40
40	25
26	33
33	36
36	26
27	37
37	41
41	27
30	34
34	44
44	30
31	42
42	45
45	31
35	38
38	46
46	35
39	43
43	47
47	39
48	52
52	56
56	48
49	53
53	60
60	49
50	57
57	68
68	50
51	61
61	69
69	51
54	58
58	64
64	54
55	62
62	65
65	55
59	66
66	70
70	59
63	67
67	71
71	63
72	76
76	80
80	72
73	77
77	92
92	73
74	81
81	88
88	74
75	89
89	93
93	75
78	82
82	84
84	78
79	85
85	94
94	79
83	86
86	90
90	83
87	91
91	95
95	87
96	100
100	104
104	96
97	101
101	116
116	97
98	105
105	112
112	98
99	113
113	117
117	99
102	106
106	108
108	102
103	109
109	118
118	103
107	110
110	114
114	107
111	115
115	119
119	111
120	124
124	128
128	120
121	125
125	140
140	121
122	129
129	136
136	122
123	137
137	141
141	123
126	130
130	132
132	126
127	133
133	142
142	127
131	134
134	138
138	131
135	139
139	143
143	135
144	148
148	152
152	144
145	149
149	164
164	145
146	153
153	160
160	146
147	161
161	165
165	147
150	154
154	156
156	150
151	157
157	166
166	151
155	158
158	162
162	155
159	163
163	167
167	159
168	172
172	176
176	168
169	173
173	188
188	169
170	177
177	184
184	170
171	185
185	189
189	171
174	178
178	180
180	174
175	181
181	190
190	175
179	182
182	186
186	179
183	187
187	191
191	183
192	196
196	200
200	192
193	204
204	208
208	193
197	205
205	212
212	197
201	209
209	213
213	201
194	198
198	206
206	194
195	202
202	210
210	195
199	203
203	214
214	199
207	211
211	215
215	207
216	220
220	228
228	216
217	224
224	232
232	217
221	225
225	236
236	221
229	233
233	237
237	229
218	222
222	226
226	218
219	230
230	234
234	219
223	231
231	238
238	223
227	235
235	239
239	227
240	244
244	252
252	240
241	248
248	256
256	241
245	249
249	260
260	245
253	257
257	261
261	253
242	246
246	250
250	242
243	254
254	258
258	243
247	255
255	262
262	247
251	259
259	263
263	251
264	268
268	272
272	264
265	276
276	280
280	265
269	277
277	284
284	269
273	281
281	285
285	273
266	274
274	282
282	266
267	270
270	278
278	267
271	275
275	286
286	271
279	283
283	287
287	279
288	292
292	300
300	288
289	296
296	304
304	289
293	297
297	308
308	293
301	305
305	309
309	301
290	294
294	298
298	290
291	302
302	306
306	291
295	303
303	310
310	295
299	307
307	311
311	299
312	316
316	320
320	312
313	324
324	328
328	313
317	329
329	332
332	317
321	325
325	333
333	321
314	322
322	326
326	314
315	318
318	330
330	315
319	323
323	334
334	319
327	331
331	335
335	327
336	340
340	344
344	336
337	348
348	352
352	337
341	349
349	356
356	341
345	353
353	357
357	345
338	346
346	354
354	338
339	342
342	350
350	339
343	347
347	358
358	343
351	355
355	359
359	351
360	364
364	368
368	360
361	372
372	376
376	361
365	373
373	380
380	365
369	377
377	381
381	369
366	370
370	382
382	366
362	371
371	378
378	362
363	367
367	374
374	363
375	379
379	383
383	375
384	388
388	396
396	384
385	392
392	400
400	385
389	393
393	404
404	389
397	401
401	405
405	397
386	390
390	394
394	386
387	398
398	402
402	387
391	399
399	406
406	391
395	403
403	407
407	395
408	412
412	420
420	408
409	416
416	424
424	409
421	425
425	428
428	421
413	417
417	429
429	413
410	414
414	418
418	410
411	422
422	426
426	411
415	423
423	430
430	415
419	427
427	431
431	419
432	436
436	440
440	432
433	444
444	448
448	433
441	445
445	452
452	441
437	449
449	453
453	437
434	438
438	450
450	434
435	442
442	446
446	435
439	443
443	454
454	439
447	451
451	455
455	447
456	460
460	464
464	456
465	468
468	472
472	465
457	469
469	476
476	457
461	473
473	477
477	461
458	462
462	478
478	458
463	466
466	474
474	463
459	467
467	470
470	459
471	475
475	479
479	471
480	484
484	492
492	480
481	488
488	496
496	481
485	489
489	500
500	485
493	497
497	501
501	493
482	494
494	498
498	482
483	486
486	490
490	483
487	495
495	502
502	487
491	499
499	503
503	491
504	508
508	512
512	504
509	516
516	520
520	509
513	517
517	524
524	513
505	521
521	525
525	505
506	514
514	526
526	506
507	510
510	522
522	507
511	515
515	518
518	511
519	523
523	527
527	519
528	532
532	536
536	528
529	540
540	544
544	529
533	541
541	548
548	533
537	545
545	549
549	537
534	538
538	550
550	534
530	539
539	546
546	530
531	535
535	542
542	531
543	547
547	551
551	543
552	556
556	560
560	552
553	564
564	568
568	553
557	565
565	572
572	557
561	569
569	573
573	561
566	570
570	574
574	566
558	562
562	575
575	558
554	563
563	571
571	554
555	559
559	567
567	555
1	4
4	192
192	0
3	20
20	216
216	1
9	240
240	2
0	9
17	264
264	3
2	17
6	8
8	196
196	4
5	220
220	1
7	12
12	288
288	6
22	312
312	7
5	22
200	8
200	0
11	16
16	244
244	9
10	292
292	6
14	336
336	11
10	14
300	12
300	10
13	316
316	7
15	18
18	340
340	14
23	360
360	15
13	23
252	16
252	2
19	21
21	268
268	17
18	344
344	11
19	364
364	15
228	20
228	5
21	272
272	3
320	22
320	13
23	368
368	19
26	32
32	193
193	24
29	217
217	25
24	29
27	36
36	241
241	26
41	265
265	27
25	41
204	28
204	24
31	40
40	224
224	29
34	384
384	30
28	34
45	408
408	31
30	45
208	32
208	28
33	248
248	26
35	44
44	388
388	34
38	432
432	35
33	38
256	36
256	33
37	276
276	27
39	46
46	436
436	38
43	456
456	39
37	43
232	40
232	25
280	41
280	37
42	412
412	31
47	460
460	43
42	47
396	44
396	30
420	45
420	42
46	440
440	35
47	464
464	39
49	52
52	197
197	48
51	60
60	221
221	49
57	289
289	50
48	57
69	313
313	51
50	69
54	56
56	205
205	52
53	225
225	49
55	64
64	385
385	54
62	409
409	55
53	62
212	56
212	48
59	68
68	296
296	57
58	392
392	54
66	480
480	59
58	66
236	60
236	53
61	324
324	51
63	65
65	416
416	62
71	504
504	63
61	71
400	64
400	58
65	424
424	55
67	70
70	484
484	66
67	508
508	63
304	68
304	50
328	69
328	61
70	492
492	59
71	512
512	67
74	80
80	201
201	72
77	245
245	73
72	77
75	88
88	293
293	74
93	337
337	75
73	93
209	76
209	72
79	92
92	249
249	77
82	389
389	78
76	82
85	433
433	79
78	85
213	80
213	76
81	297
297	74
83	84
84	393
393	82
90	481
481	83
81	90
404	84
404	78
87	94
94	444
444	85
86	488
488	83
91	528
528	87
86	91
308	88
308	81
89	348
348	75
496	90
496	86
95	532
532	91
89	95
260	92
260	73
352	93
352	89
94	448
448	79
95	536
536	87
98	104
104	397
397	96
101	421
421	97
96	101
99	112
112	441
441	98
117	465
465	99
97	117
401	100
401	96
103	116
116	425
425	101
106	485
485	102
100	106
109	509
509	103
102	109
405	104
405	100
105	445
445	98
107	108
108	489
489	106
114	529
529	107
105	114
500	108
500	102
111	118
118	516
516	109
110	540
540	107
115	552
552	111
110	115
452	112
452	105
113	468
468	99
544	114
544	110
119	556
556	115
113	119
428	116
428	97
472	117
472	113
118	520
520	103
119	560
560	111
121	124
124	301
301	120
123	140
140	317
317	121
129	341
341	122
120	129
137	361
361	123
122	137
126	128
128	305
305	124
125	329
329	121
127	132
132	493
493	126
142	513
513	127
125	142
309	128
309	120
131	136
136	349
349	129
130	497
497	126
134	533
533	131
130	134
501	132
501	130
133	517
517	127
135	138
138	541
541	134
143	553
553	135
133	143
356	136
356	122
139	141
141	372
372	137
138	548
548	131
139	564
564	135
332	140
332	125
141	376
376	123
524	142
524	133
143	568
568	139
146	152
152	253
253	144
149	269
269	145
144	149
147	160
160	345
345	146
165	365
365	147
145	165
257	148
257	144
151	164
164	277
277	149
154	437
437	150
148	154
157	457
457	151
150	157
261	152
261	148
153	353
353	146
155	156
156	449
449	154
162	537
537	155
153	162
453	156
453	150
159	166
166	469
469	157
158	545
545	155
163	557
557	159
158	163
357	160
357	153
161	373
373	147
549	162
549	158
167	565
565	163
161	167
284	164
284	145
380	165
380	161
166	476
476	151
167	572
572	159
169	172
172	229
229	168
171	188
188	273
273	169
177	321
321	170
168	177
185	369
369	171
170	185
174	176
176	233
233	172
173	281
281	169
175	180
180	413
413	174
190	461
461	175
173	190
237	176
237	168
179	184
184	325
325	177
178	417
417	174
182	505
505	179
178	182
429	180
429	178
181	473
473	175
183	186
186	521
521	182
191	561
561	183
181	191
333	184
333	170
187	189
189	377
377	185
186	525
525	179
187	569
569	183
285	188
285	173
189	381
381	171
477	190
477	181
191	573
573	187
195	200
194	204
198	218
218	194
192	198
210	242
242	195
193	210
199	212
206	222
222	198
197	206
203	290
290	199
196	203
202	209
202	246
246	195
214	294
294	203
201	214
207	208
206	226
226	194
215	386
386	207
205	215
211	213
210	250
250	202
211	390
390	207
214	298
298	199
215	394
394	211
218	220
219	232
226	217
230	266
266	219
216	230
223	228
222	225
238	314
314	223
221	238
227	236
235	410
410	227
224	235
231	237
234	274
274	230
229	234
231	322
322	223
234	282
282	219
239	414
414	235
233	239
238	326
326	231
239	418
418	227
243	252
242	248
246	240
258	267
267	243
241	258
247	260
250	245
255	338
338	247
244	255
251	256
263	434
434	251
249	263
254	257
254	270
270	243
262	346
346	255
253	262
259	261
258	278
278	254
259	438
438	251
262	354
354	247
263	450
450	259
266	272
267	276
282	265
270	264
271	284
278	269
275	366
366	271
268	275
274	281
286	370
370	275
273	286
279	280
287	458
458	279
277	287
283	285
283	462
462	279
286	382
382	271
287	478
478	283
290	292
291	304
298	289
302	315
315	291
288	302
295	300
294	297
310	339
339	295
293	310
299	308
307	482
482	299
296	307
303	309
306	318
318	302
301	306
303	342
342	295
306	330
330	291
311	494
494	307
305	311
310	350
350	303
311	498
498	299
315	316
314	324
322	312
330	313
319	320
318	329
334	362
362	319
317	334
323	333
326	321
323	371
371	319
327	328
335	506
506	327
325	335
331	332
331	514
514	327
334	378
378	323
335	526
526	331
338	344
339	348
354	337
342	336
343	356
350	341
347	363
363	343
340	347
346	353
358	367
367	347
345	358
351	352
359	534
534	351
349	359
355	357
355	538
538	351
358	374
374	343
359	550
550	355
363	364
362	376
371	360
374	361
366	368
367	373
382	365
370	381
378	369
375	380
379	566
566	375
372	379
383	570
570	379
377	383
383	574
574	375
387	396
386	392
390	384
402	411
411	387
385	402
391	404
394	389
399	435
435	391
388	399
395	400
407	483
483	395
393	407
398	401
398	422
422	387
406	442
442	399
397	406
403	405
402	426
426	398
403	486
486	395
406	446
446	391
407	490
490	403
410	412
411	424
418	409
422	408
415	420
414	417
430	463
463	415
413	430
419	429
427	507
507	419
416	427
423	428
426	421
423	466
466	415
431	510
510	427
425	431
430	474
474	423
431	522
522	419
435	440
434	448
438	432
446	433
439	453
450	437
443	459
459	439
436	443
442	445
454	467
467	443
441	454
447	452
451	530
530	447
444	451
455	539
539	451
449	455
454	470
470	439
455	546
546	447
459	464
458	476
462	456
470	457
463	473
478	461
466	460
467	468
474	465
471	472
479	558
558	471
469	479
475	477
475	562
562	471
479	575
575	475
482	492
483	488
498	481
486	480
487	500
490	485
495	511
511	487
484	495
491	496
503	531
531	491
489	503
494	497
502	515
515	495
493	502
499	501
499	535
535	491
502	518
518	487
503	542
542	499
507	508
506	525
514	504
522	505
511	512
510	520
518	509
515	517
526	513
519	524
523	554
554	519
516	523
527	563
563	523
521	527
527	571
571	519
530	536
531	540
546	529
535	528
534	548
538	532
542	533
539	545
550	537
543	544
551	555
555	543
541	551
547	549
547	559
559	543
551	567
567	547
554	560
555	564
571	553
559	552
558	572
562	556
567	557
563	569
575	561
566	568
574	565
570	573
2832
4	0	2	3	1
4	24	26	27	25
4	192	195	193	194
4	216	219	217	218
4	240	243	241	242
4	264	267	265	266
4	4	6	7	5
4	48	50	51	49
4	196	199	197	198
4	220	223	221	222
4	288	291	289	290
4	312	315	313	314
4	8	10	11	9
4	72	74	75	73
4	200	203	201	202
4	244	247	245	246
4	292	295	293	294
4	336	339	337	338
4	28	30	31	29
4	52	54	55	53
4	204	207	205	206
4	224	227	225	226
4	384	387	385	386
4	408	411	409	410
4	32	34	35	33
4	76	78	79	77
4	208	211	209	210
4	248	251	249	250
4	388	391	389	390
4	432	435	433	434
4	56	58	59	57
4	80	82	83	81
4	212	215	213	214
4	296	299	297	298
4	392	395	393	394
4	480	483	481	482
4	12	14	15	13
4	120	122	123	121
4	300	303	301	302
4	316	319	317	318
4	340	343	341	342
4	360	363	361	362
4	16	18	19	17
4	144	146	147	145
4	252	255	253	254
4	268	271	269	270
4	344	347	345	346
4	364	367	365	366
4	20	22	23	21
4	168	170	171	169
4	228	231	229	230
4	272	275	273	274
4	320	323	321	322
4	368	371	369	370
4	36	38	39	37
4	148	150	151	149
4	256	259	257	258
4	276	279	277	278
4	436	439	437	438
4	456	459	457	458
4	40	42	43	41
4	172	174	175	173
4	232	235	233	234
4	280	283	281	282
4	412	415	413	414
4	460	463	461	462
4	60	62	63	61
4	176	178	179	177
4	236	239	237	238
4	324	327	325	326
4	416	419	417	418
4	504	507	505	506
4	44	46	47	45
4	96	98	99	97
4	396	399	397	398
4	420	423	421	422
4	440	443	441	442
4	464	467	465	466
4	64	66	67	65
4	100	102	103	101
4	400	403	401	402
4	424	427	425	426
4	484	487	485	486
4	508	511	509	510
4	84	86	87	85
4	104	106	107	105
4	404	407	405	406
4	444	447	445	446
4	488	491	489	490
4	528	531	529	530
4	68	70	71	69
4	124	126	127	125
4	304	307	305	306
4	328	331	329	330
4	492	495	493	494
4	512	515	513	514
4	88	90	91	89
4	128	130	131	129
4	308	311	309	310
4	348	351	349	350
4	496	499	497	498
4	532	535	533	534
4	92	94	95	93
4	152	154	155	153
4	260	263	261	262
4	352	355	353	354
4	448	451	449	450
4	536	539	537	538
4	108	110	111	109
4	132	134	135	133
4	500	503	501	502
4	516	519	517	518
4	540	543	541	542
4	552	555	553	554
4	112	114	115	113
4	156	158	159	157
4	452	455	453	454
4	468	471	469	470
4	544	547	545	546
4	556	559	557	558
4	116	118	119	117
4	180	182	183	181
4	428	431	429	430
4	472	475	473	474
4	520	523	521	522
4	560	563	561	562
4	136	138	139	137
4	160	162	163	161
4	356	359	357	358
4	372	375	373	374
4	548	551	549	550
4	564	567	565	566
4	140	142	143	141
4	184	186	187	185
4	332	335	333	334
4	376	379	377	378
4	524	527	525	526
4	568	571	569	570
4	164	166	167	165
4	188	190	191	189
4	284	287	285	286
4	380	383	381	382
4	476	479	477	478
4	572	575	573	574
3	1	192	218
3	0	195	240
3	24	194	217
3	26	193	242
3	2	243	264
3	3	216	266
3	27	241	267
3	25	219	265
3	4	198	220
3	6	196	290
3	49	197	222
3	48	199	289
3	7	288	315
3	5	223	312
3	51	221	314
3	50	291	313
3	9	200	246
3	8	203	292
3	72	202	245
3	74	201	294
3	10	295	336
3	11	244	338
3	75	293	339
3	73	247	337
3	29	204	226
3	52	206	225
3	28	207	384
3	54	205	386
3	31	224	410
3	53	227	409
3	30	387	408
3	55	385	411
3	32	210	248
3	77	209	250
3	34	208	390
3	76	211	389
3	33	251	432
3	35	388	435
3	78	391	433
3	79	249	434
3	57	212	298
3	80	214	297
3	56	215	392
3	82	213	394
3	58	395	480
3	83	393	483
3	59	296	482
3	81	299	481
3	12	302	316
3	14	300	342
3	15	340	363
3	13	319	360
3	121	301	318
3	120	303	341
3	122	343	361
3	123	317	362
3	17	252	270
3	16	255	344
3	18	347	364
3	19	268	366
3	144	254	269
3	146	253	346
3	147	345	367
3	145	271	365
3	20	230	272
3	22	228	322
3	23	320	371
3	21	275	368
3	169	229	274
3	168	231	321
3	170	323	369
3	171	273	370
3	36	258	276
3	38	256	438
3	149	257	278
3	37	279	456
3	39	436	459
3	148	259	437
3	150	439	457
3	151	277	458
3	41	232	282
3	40	235	412
3	172	234	281
3	43	280	462
3	174	233	414
3	42	415	460
3	175	413	463
3	173	283	461
3	60	238	324
3	62	236	418
3	177	237	326
3	176	239	417
3	63	416	507
3	61	327	504
3	178	419	505
3	179	325	506
3	45	396	422
3	44	399	440
3	46	443	464
3	47	420	466
3	96	398	421
3	98	397	442
3	99	441	467
3	97	423	465
3	64	402	424
3	66	400	486
3	65	427	508
3	101	401	426
3	100	403	485
3	67	484	511
3	102	487	509
3	103	425	510
3	85	404	446
3	84	407	488
3	104	406	445
3	106	405	490
3	86	491	528
3	87	444	530
3	107	489	531
3	105	447	529
3	69	304	330
3	68	307	492
3	124	306	329
3	71	328	514
3	70	495	512
3	126	305	494
3	127	493	515
3	125	331	513
3	88	310	348
3	90	308	498
3	129	309	350
3	91	496	535
3	128	311	497
3	89	351	532
3	130	499	533
3	131	349	534
3	93	260	354
3	92	263	448
3	152	262	353
3	154	261	450
3	94	451	536
3	95	352	538
3	155	449	539
3	153	355	537
3	109	500	518
3	108	503	540
3	132	502	517
3	134	501	542
3	110	543	552
3	111	516	554
3	135	541	555
3	133	519	553
3	157	453	470
3	112	454	468
3	114	452	546
3	156	455	545
3	115	544	559
3	113	471	556
3	158	547	557
3	159	469	558
3	180	430	473
3	182	429	522
3	117	428	474
3	116	431	520
3	118	523	560
3	119	472	562
3	183	521	563
3	181	475	561
3	137	356	374
3	160	358	373
3	136	359	548
3	162	357	550
3	138	551	564
3	163	549	567
3	139	372	566
3	161	375	565
3	140	334	376
3	185	333	378
3	184	335	525
3	142	332	526
3	143	524	571
3	186	527	569
3	141	379	568
3	187	377	570
3	165	284	382
3	188	286	381
3	164	287	476
3	190	285	478
3	166	479	572
3	191	477	575
3	167	380	574
3	189	383	573
3	0	4	8
3	1	5	20
3	2	9	16
3	3	17	21
3	6	10	12
3	7	13	22
3	11	14	18
3	15	19	23
3	24	28	32
3	25	29	40
3	26	33	36
3	27	37	41
3	30	34	44
3	31	42	45
3	35	38	46
3	39	43	47
3	48	52	56
3	49	53	60
3	50	57	68
3	51	61	69
3	54	58	64
3	55	62	65
3	59	66	70
3	63	67	71
3	72	76	80
3	73	77	92
3	74	81	88
3	75	89	93
3	78	82	84
3	79	85	94
3	83	86	90
3	87	91	95
3	96	100	104
3	97	101	116
3	98	105	112
3	99	113	117
3	102	106	108
3	103	109	118
3	107	110	114
3	111	115	119
3	120	124	128
3	121	125	140
3	122	129	136
3	123	137	141
3	126	130	132
3	127	133	142
3	131	134	138
3	135	139	143
3	144	148	152
3	145	149	164
3	146	153	160
3	147	161	165
3	150	154	156
3	151	157	166
3	155	158	162
3	159	163	167
3	168	172	176
3	169	173	188
3	170	177	184
3	171	185	189
3	174	178	180
3	175	181	190
3	179	182	186
3	183	187	191
3	192	196	200
3	193	204	208
3	197	205	212
3	201	209	213
3	194	198	206
3	195	202	210
3	199	203	214
3	207	211	215
3	216	220	228
3	217	224	232
3	221	225	236
3	229	233	237
3	218	222	226
3	219	230	234
3	223	231	238
3	227	235	239
3	240	244	252
3	241	248	256
3	245	249	260
3	253	257	261
3	242	246	250
3	243	254	258
3	247	255	262
3	251	259	263
3	264	268	272
3	265	276	280
3	269	277	284
3	273	281	285
3	266	274	282
3	267	270	278
3	271	275	286
3	279	283	287
3	288	292	300
3	289	296	304
3	293	297	308
3	301	305	309
3	290	294	298
3	291	302	306
3	295	303	310
3	299	307	311
3	312	316	320
3	313	324	328
3	317	329	332
3	321	325	333
3	314	322	326
3	315	318	330
3	319	323	334
3	327	331	335
3	336	340	344
3	337	348	352
3	341	349	356
3	345	353	357
3	338	346	354
3	339	342	350
3	343	347	358
3	351	355	359
3	360	364	368
3	361	372	376
3	365	373	380
3	369	377	381
3	366	370	382
3	362	371	378
3	363	367	374
3	375	379	383
3	384	388	396
3	385	392	400
3	389	393	404
3	397	401	405
3	386	390	394
3	387	398	402
3	391	399	406
3	395	403	407
3	408	412	420
3	409	416	424
3	421	425	428
3	413	417	429
3	410	414	418
3	411	422	426
3	415	423	430
3	419	427	431
3	432	436	440
3	433	444	448
3	441	445	452
3	437	449	453
3	434	438	450
3	435	442	446
3	439	443	454
3	447	451	455
3	456	460	464
3	465	468	472
3	457	469	476
3	461	473	477
3	458	462	478
3	463	466	474
3	459	467	470
3	471	475	479
3	480	484	492
3	481	488	496
3	485	489	500
3	493	497	501
3	482	494	498
3	483	486	490
3	487	495	502
3	491	499	503
3	504	508	512
3	509	516	520
3	513	517	524
3	505	521	525
3	506	514	526
3	507	510	522
3	511	515	518
3	519	523	527
3	528	532	536
3	529	540	544
3	533	541	548
3	537	545	549
3	534	538	550
3	530	539	546
3	531	535	542
3	543	547	551
3	552	556	560
3	553	564	568
3	557	565	572
3	561	569	573
3	566	570	574
3	558	562	575
3	554	563	571
3	555	559	567
3	1	4	192
3	0	4	192
3	0	1	192
3	0	1	4
3	3	20	216
3	1	20	216
3	1	3	216
3	1	3	20
3	2	9	240
3	0	9	240
3	0	2	240
3	0	2	9
3	3	17	264
3	2	17	264
3	2	3	264
3	2	3	17
3	6	8	196
3	4	8	196
3	4	6	196
3	4	6	8
3	4	5	220
3	1	5	220
3	1	4	220
3	1	4	5
3	7	12	288
3	6	12	288
3	6	7	288
3	6	7	12
3	7	22	312
3	5	22	312
3	5	7	312
3	5	7	22
3	8	9	200
3	0	9	200
3	0	8	200
3	0	8	9
3	11	16	244
3	9	16	244
3	9	11	244
3	9	11	16
3	8	10	292
3	6	10	292
3	6	8	292
3	6	8	10
3	11	14	336
3	10	14	336
3	10	11	336
3	10	11	14
3	12	14	300
3	10	14	300
3	10	12	300
3	10	12	14
3	12	13	316
3	7	13	316
3	7	12	316
3	7	12	13
3	15	18	340
3	14	18	340
3	14	15	340
3	14	15	18
3	15	23	360
3	13	23	360
3	13	15	360
3	13	15	23
3	16	17	252
3	2	17	252
3	2	16	252
3	2	16	17
3	19	21	268
3	17	21	268
3	17	19	268
3	17	19	21
3	16	18	344
3	11	18	344
3	11	16	344
3	11	16	18
3	18	19	364
3	15	19	364
3	15	18	364
3	15	18	19
3	20	22	228
3	5	22	228
3	5	20	228
3	5	20	22
3	20	21	272
3	3	21	272
3	3	20	272
3	3	20	21
3	22	23	320
3	13	23	320
3	13	22	320
3	13	22	23
3	21	23	368
3	19	23	368
3	19	21	368
3	19	21	23
3	26	32	193
3	24	32	193
3	24	26	193
3	24	26	32
3	25	29	217
3	24	29	217
3	24	25	217
3	24	25	29
3	27	36	241
3	26	36	241
3	26	27	241
3	26	27	36
3	27	41	265
3	25	41	265
3	25	27	265
3	25	27	41
3	28	29	204
3	24	29	204
3	24	28	204
3	24	28	29
3	31	40	224
3	29	40	224
3	29	31	224
3	29	31	40
3	30	34	384
3	28	34	384
3	28	30	384
3	28	30	34
3	31	45	408
3	30	45	408
3	30	31	408
3	30	31	45
3	32	34	208
3	28	34	208
3	28	32	208
3	28	32	34
3	32	33	248
3	26	33	248
3	26	32	248
3	26	32	33
3	35	44	388
3	34	44	388
3	34	35	388
3	34	35	44
3	35	38	432
3	33	38	432
3	33	35	432
3	33	35	38
3	36	38	256
3	33	38	256
3	33	36	256
3	33	36	38
3	36	37	276
3	27	37	276
3	27	36	276
3	27	36	37
3	39	46	436
3	38	46	436
3	38	39	436
3	38	39	46
3	39	43	456
3	37	43	456
3	37	39	456
3	37	39	43
3	40	41	232
3	25	41	232
3	25	40	232
3	25	40	41
3	41	43	280
3	37	43	280
3	37	41	280
3	37	41	43
3	40	42	412
3	31	42	412
3	31	40	412
3	31	40	42
3	43	47	460
3	42	47	460
3	42	43	460
3	42	43	47
3	44	45	396
3	30	45	396
3	30	44	396
3	30	44	45
3	45	47	420
3	42	47	420
3	42	45	420
3	42	45	47
3	44	46	440
3	35	46	440
3	35	44	440
3	35	44	46
3	46	47	464
3	39	47	464
3	39	46	464
3	39	46	47
3	49	52	197
3	48	52	197
3	48	49	197
3	48	49	52
3	51	60	221
3	49	60	221
3	49	51	221
3	49	51	60
3	50	57	289
3	48	57	289
3	48	50	289
3	48	50	57
3	51	69	313
3	50	69	313
3	50	51	313
3	50	51	69
3	54	56	205
3	52	56	205
3	52	54	205
3	52	54	56
3	52	53	225
3	49	53	225
3	49	52	225
3	49	52	53
3	55	64	385
3	54	64	385
3	54	55	385
3	54	55	64
3	55	62	409
3	53	62	409
3	53	55	409
3	53	55	62
3	56	57	212
3	48	57	212
3	48	56	212
3	48	56	57
3	59	68	296
3	57	68	296
3	57	59	296
3	57	59	68
3	56	58	392
3	54	58	392
3	54	56	392
3	54	56	58
3	59	66	480
3	58	66	480
3	58	59	480
3	58	59	66
3	60	62	236
3	53	62	236
3	53	60	236
3	53	60	62
3	60	61	324
3	51	61	324
3	51	60	324
3	51	60	61
3	63	65	416
3	62	65	416
3	62	63	416
3	62	63	65
3	63	71	504
3	61	71	504
3	61	63	504
3	61	63	71
3	64	66	400
3	58	66	400
3	58	64	400
3	58	64	66
3	64	65	424
3	55	65	424
3	55	64	424
3	55	64	65
3	67	70	484
3	66	70	484
3	66	67	484
3	66	67	70
3	65	67	508
3	63	67	508
3	63	65	508
3	63	65	67
3	68	69	304
3	50	69	304
3	50	68	304
3	50	68	69
3	69	71	328
3	61	71	328
3	61	69	328
3	61	69	71
3	68	70	492
3	59	70	492
3	59	68	492
3	59	68	70
3	70	71	512
3	67	71	512
3	67	70	512
3	67	70	71
3	74	80	201
3	72	80	201
3	72	74	201
3	72	74	80
3	73	77	245
3	72	77	245
3	72	73	245
3	72	73	77
3	75	88	293
3	74	88	293
3	74	75	293
3	74	75	88
3	75	93	337
3	73	93	337
3	73	75	337
3	73	75	93
3	76	77	209
3	72	77	209
3	72	76	209
3	72	76	77
3	79	92	249
3	77	92	249
3	77	79	249
3	77	79	92
3	78	82	389
3	76	82	389
3	76	78	389
3	76	78	82
3	79	85	433
3	78	85	433
3	78	79	433
3	78	79	85
3	80	82	213
3	76	82	213
3	76	80	213
3	76	80	82
3	80	81	297
3	74	81	297
3	74	80	297
3	74	80	81
3	83	84	393
3	82	84	393
3	82	83	393
3	82	83	84
3	83	90	481
3	81	90	481
3	81	83	481
3	81	83	90
3	84	85	404
3	78	85	404
3	78	84	404
3	78	84	85
3	87	94	444
3	85	94	444
3	85	87	444
3	85	87	94
3	84	86	488
3	83	86	488
3	83	84	488
3	83	84	86
3	87	91	528
3	86	91	528
3	86	87	528
3	86	87	91
3	88	90	308
3	81	90	308
3	81	88	308
3	81	88	90
3	88	89	348
3	75	89	348
3	75	88	348
3	75	88	89
3	90	91	496
3	86	91	496
3	86	90	496
3	86	90	91
3	91	95	532
3	89	95	532
3	89	91	532
3	89	91	95
3	92	93	260
3	73	93	260
3	73	92	260
3	73	92	93
3	93	95	352
3	89	95	352
3	89	93	352
3	89	93	95
3	92	94	448
3	79	94	448
3	79	92	448
3	79	92	94
3	94	95	536
3	87	95	536
3	87	94	536
3	87	94	95
3	98	104	397
3	96	104	397
3	96	98	397
3	96	98	104
3	97	101	421
3	96	101	421
3	96	97	421
3	96	97	101
3	99	112	441
3	98	112	441
3	98	99	441
3	98	99	112
3	99	117	465
3	97	117	465
3	97	99	465
3	97	99	117
3	100	101	401
3	96	101	401
3	96	100	401
3	96	100	101
3	103	116	425
3	101	116	425
3	101	103	425
3	101	103	116
3	102	106	485
3	100	106	485
3	100	102	485
3	100	102	106
3	103	109	509
3	102	109	509
3	102	103	509
3	102	103	109
3	104	106	405
3	100	106	405
3	100	104	405
3	100	104	106
3	104	105	445
3	98	105	445
3	98	104	445
3	98	104	105
3	107	108	489
3	106	108	489
3	106	107	489
3	106	107	108
3	107	114	529
3	105	114	529
3	105	107	529
3	105	107	114
3	108	109	500
3	102	109	500
3	102	108	500
3	102	108	109
3	111	118	516
3	109	118	516
3	109	111	516
3	109	111	118
3	108	110	540
3	107	110	540
3	107	108	540
3	107	108	110
3	111	115	552
3	110	115	552
3	110	111	552
3	110	111	115
3	112	114	452
3	105	114	452
3	105	112	452
3	105	112	114
3	112	113	468
3	99	113	468
3	99	112	468
3	99	112	113
3	114	115	544
3	110	115	544
3	110	114	544
3	110	114	115
3	115	119	556
3	113	119	556
3	113	115	556
3	113	115	119
3	116	117	428
3	97	117	428
3	97	116	428
3	97	116	117
3	117	119	472
3	113	119	472
3	113	117	472
3	113	117	119
3	116	118	520
3	103	118	520
3	103	116	520
3	103	116	118
3	118	119	560
3	111	119	560
3	111	118	560
3	111	118	119
3	121	124	301
3	120	124	301
3	120	121	301
3	120	121	124
3	123	140	317
3	121	140	317
3	121	123	317
3	121	123	140
3	122	129	341
3	120	129	341
3	120	122	341
3	120	122	129
3	123	137	361
3	122	137	361
3	122	123	361
3	122	123	137
3	126	128	305
3	124	128	305
3	124	126	305
3	124	126	128
3	124	125	329
3	121	125	329
3	121	124	329
3	121	124	125
3	127	132	493
3	126	132	493
3	126	127	493
3	126	127	132
3	127	142	513
3	125	142	513
3	125	127	513
3	125	127	142
3	128	129	309
3	120	129	309
3	120	128	309
3	120	128	129
3	131	136	349
3	129	136	349
3	129	131	349
3	129	131	136
3	128	130	497
3	126	130	497
3	126	128	497
3	126	128	130
3	131	134	533
3	130	134	533
3	130	131	533
3	130	131	134
3	132	134	501
3	130	134	501
3	130	132	501
3	130	132	134
3	132	133	517
3	127	133	517
3	127	132	517
3	127	132	133
3	135	138	541
3	134	138	541
3	134	135	541
3	134	135	138
3	135	143	553
3	133	143	553
3	133	135	553
3	133	135	143
3	136	137	356
3	122	137	356
3	122	136	356
3	122	136	137
3	139	141	372
3	137	141	372
3	137	139	372
3	137	139	141
3	136	138	548
3	131	138	548
3	131	136	548
3	131	136	138
3	138	139	564
3	135	139	564
3	135	138	564
3	135	138	139
3	140	142	332
3	125	142	332
3	125	140	332
3	125	140	142
3	140	141	376
3	123	141	376
3	123	140	376
3	123	140	141
3	142	143	524
3	133	143	524
3	133	142	524
3	133	142	143
3	141	143	568
3	139	143	568
3	139	141	568
3	139	141	143
3	146	152	253
3	144	152	253
3	144	146	253
3	144	146	152
3	145	149	269
3	144	149	269
3	144	145	269
3	144	145	149
3	147	160	345
3	146	160	345
3	146	147	345
3	146	147	160
3	147	165	365
3	145	165	365
3	145	147	365
3	145	147	165
3	148	149	257
3	144	149	257
3	144	148	257
3	144	148	149
3	151	164	277
3	149	164	277
3	149	151	277
3	149	151	164
3	150	154	437
3	148	154	437
3	148	150	437
3	148	150	154
3	151	157	457
3	150	157	457
3	150	151	457
3	150	151	157
3	152	154	261
3	148	154	261
3	148	152	261
3	148	152	154
3	152	153	353
3	146	153	353
3	146	152	353
3	146	152	153
3	155	156	449
3	154	156	449
3	154	155	449
3	154	155	156
3	155	162	537
3	153	162	537
3	153	155	537
3	153	155	162
3	156	157	453
3	150	157	453
3	150	156	453
3	150	156	157
3	159	166	469
3	157	166	469
3	157	159	469
3	157	159	166
3	156	158	545
3	155	158	545
3	155	156	545
3	155	156	158
3	159	163	557
3	158	163	557
3	158	159	557
3	158	159	163
3	160	162	357
3	153	162	357
3	153	160	357
3	153	160	162
3	160	161	373
3	147	161	373
3	147	160	373
3	147	160	161
3	162	163	549
3	158	163	549
3	158	162	549
3	158	162	163
3	163	167	565
3	161	167	565
3	161	163	565
3	161	163	167
3	164	165	284
3	145	165	284
3	145	164	284
3	145	164	165
3	165	167	380
3	161	167	380
3	161	165	380
3	161	165	167
3	164	166	476
3	151	166	476
3	151	164	476
3	151	164	166
3	166	167	572
3	159	167	572
3	159	166	572
3	159	166	167
3	169	172	229
3	168	172	229
3	168	169	229
3	168	169	172
3	171	188	273
3	169	188	273
3	169	171	273
3	169	171	188
3	170	177	321
3	168	177	321
3	168	170	321
3	168	170	177
3	171	185	369
3	170	185	369
3	170	171	369
3	170	171	185
3	174	176	233
3	172	176	233
3	172	174	233
3	172	174	176
3	172	173	281
3	169	173	281
3	169	172	281
3	169	172	173
3	175	180	413
3	174	180	413
3	174	175	413
3	174	175	180
3	175	190	461
3	173	190	461
3	173	175	461
3	173	175	190
3	176	177	237
3	168	177	237
3	168	176	237
3	168	176	177
3	179	184	325
3	177	184	325
3	177	179	325
3	177	179	184
3	176	178	417
3	174	178	417
3	174	176	417
3	174	176	178
3	179	182	505
3	178	182	505
3	178	179	505
3	178	179	182
3	180	182	429
3	178	182	429
3	178	180	429
3	178	180	182
3	180	181	473
3	175	181	473
3	175	180	473
3	175	180	181
3	183	186	521
3	182	186	521
3	182	183	521
3	182	183	186
3	183	191	561
3	181	191	561
3	181	183	561
3	181	183	191
3	184	185	333
3	170	185	333
3	170	184	333
3	170	184	185
3	187	189	377
3	185	189	377
3	185	187	377
3	185	187	189
3	184	186	525
3	179	186	525
3	179	184	525
3	179	184	186
3	186	187	569
3	183	187	569
3	183	186	569
3	183	186	187
3	188	190	285
3	173	190	285
3	173	188	285
3	173	188	190
3	188	189	381
3	171	189	381
3	171	188	381
3	171	188	189
3	190	191	477
3	181	191	477
3	181	190	477
3	181	190	191
3	189	191	573
3	187	191	573
3	187	189	573
3	187	189	191
3	192	195	200
3	0	195	200
3	0	192	200
3	0	192	195
3	193	194	204
3	24	194	204
3	24	193	204
3	24	193	194
3	194	198	218
3	192	198	218
3	192	194	218
3	192	194	198
3	195	210	242
3	193	210	242
3	193	195	242
3	193	195	210
3	192	196	198
3	4	196	198
3	4	192	198
3	4	192	196
3	197	199	212
3	48	199	212
3	48	197	212
3	48	197	199
3	198	206	222
3	197	206	222
3	197	198	222
3	197	198	206
3	199	203	290
3	196	203	290
3	196	199	290
3	196	199	203
3	196	200	203
3	8	200	203
3	8	196	203
3	8	196	200
3	201	202	209
3	72	202	209
3	72	201	209
3	72	201	202
3	200	202	246
3	195	202	246
3	195	200	246
3	195	200	202
3	203	214	294
3	201	214	294
3	201	203	294
3	201	203	214
3	204	207	208
3	28	207	208
3	28	204	208
3	28	204	207
3	197	205	206
3	52	205	206
3	52	197	206
3	52	197	205
3	204	206	226
3	194	206	226
3	194	204	226
3	194	204	206
3	207	215	386
3	205	215	386
3	205	207	386
3	205	207	215
3	193	208	210
3	32	208	210
3	32	193	210
3	32	193	208
3	209	211	213
3	76	211	213
3	76	209	213
3	76	209	211
3	209	210	250
3	202	210	250
3	202	209	250
3	202	209	210
3	208	211	390
3	207	211	390
3	207	208	390
3	207	208	211
3	205	212	215
3	56	212	215
3	56	205	215
3	56	205	212
3	201	213	214
3	80	213	214
3	80	201	214
3	80	201	213
3	212	214	298
3	199	214	298
3	199	212	298
3	199	212	214
3	213	215	394
3	211	215	394
3	211	213	394
3	211	213	215
3	216	218	220
3	1	218	220
3	1	216	220
3	1	216	218
3	217	219	232
3	25	219	232
3	25	217	232
3	25	217	219
3	217	218	226
3	194	218	226
3	194	217	226
3	194	217	218
3	219	230	266
3	216	230	266
3	216	219	266
3	216	219	230
3	220	223	228
3	5	223	228
3	5	220	228
3	5	220	223
3	221	222	225
3	49	222	225
3	49	221	225
3	49	221	222
3	218	220	222
3	198	220	222
3	198	218	222
3	198	218	220
3	223	238	314
3	221	238	314
3	221	223	314
3	221	223	238
3	217	224	226
3	29	224	226
3	29	217	226
3	29	217	224
3	225	227	236
3	53	227	236
3	53	225	236
3	53	225	227
3	222	225	226
3	206	225	226
3	206	222	226
3	206	222	225
3	227	235	410
3	224	235	410
3	224	227	410
3	224	227	235
3	216	228	230
3	20	228	230
3	20	216	230
3	20	216	228
3	229	231	237
3	168	231	237
3	168	229	237
3	168	229	231
3	230	234	274
3	229	234	274
3	229	230	274
3	229	230	234
3	228	231	322
3	223	231	322
3	223	228	322
3	223	228	231
3	224	232	235
3	40	232	235
3	40	224	235
3	40	224	232
3	229	233	234
3	172	233	234
3	172	229	234
3	172	229	233
3	232	234	282
3	219	234	282
3	219	232	282
3	219	232	234
3	235	239	414
3	233	239	414
3	233	235	414
3	233	235	239
3	221	236	238
3	60	236	238
3	60	221	238
3	60	221	236
3	233	237	239
3	176	237	239
3	176	233	239
3	176	233	237
3	237	238	326
3	231	238	326
3	231	237	326
3	231	237	238
3	236	239	418
3	227	239	418
3	227	236	418
3	227	236	239
3	240	243	252
3	2	243	252
3	2	240	252
3	2	240	243
3	241	242	248
3	26	242	248
3	26	241	248
3	26	241	242
3	240	242	246
3	195	242	246
3	195	240	246
3	195	240	242
3	243	258	267
3	241	258	267
3	241	243	267
3	241	243	258
3	240	244	246
3	9	244	246
3	9	240	246
3	9	240	244
3	245	247	260
3	73	247	260
3	73	245	260
3	73	245	247
3	245	246	250
3	202	246	250
3	202	245	250
3	202	245	246
3	247	255	338
3	244	255	338
3	244	247	338
3	244	247	255
3	248	251	256
3	33	251	256
3	33	248	256
3	33	248	251
3	245	249	250
3	77	249	250
3	77	245	250
3	77	245	249
3	242	248	250
3	210	248	250
3	210	242	250
3	210	242	248
3	251	263	434
3	249	263	434
3	249	251	434
3	249	251	263
3	244	252	255
3	16	252	255
3	16	244	255
3	16	244	252
3	253	254	257
3	144	254	257
3	144	253	257
3	144	253	254
3	252	254	270
3	243	254	270
3	243	252	270
3	243	252	254
3	255	262	346
3	253	262	346
3	253	255	346
3	253	255	262
3	241	256	258
3	36	256	258
3	36	241	258
3	36	241	256
3	257	259	261
3	148	259	261
3	148	257	261
3	148	257	259
3	257	258	278
3	254	258	278
3	254	257	278
3	254	257	258
3	256	259	438
3	251	259	438
3	251	256	438
3	251	256	259
3	249	260	263
3	92	260	263
3	92	249	263
3	92	249	260
3	253	261	262
3	152	261	262
3	152	253	262
3	152	253	261
3	260	262	354
3	247	262	354
3	247	260	354
3	247	260	262
3	261	263	450
3	259	263	450
3	259	261	450
3	259	261	263
3	264	266	272
3	3	266	272
3	3	264	272
3	3	264	266
3	265	267	276
3	27	267	276
3	27	265	276
3	27	265	267
3	265	266	282
3	219	266	282
3	219	265	282
3	219	265	266
3	264	267	270
3	243	267	270
3	243	264	270
3	243	264	267
3	264	268	270
3	17	268	270
3	17	264	270
3	17	264	268
3	269	271	284
3	145	271	284
3	145	269	284
3	145	269	271
3	269	270	278
3	254	270	278
3	254	269	278
3	254	269	270
3	271	275	366
3	268	275	366
3	268	271	366
3	268	271	275
3	268	272	275
3	21	272	275
3	21	268	275
3	21	268	272
3	273	274	281
3	169	274	281
3	169	273	281
3	169	273	274
3	266	272	274
3	230	272	274
3	230	266	274
3	230	266	272
3	275	286	370
3	273	286	370
3	273	275	370
3	273	275	286
3	276	279	280
3	37	279	280
3	37	276	280
3	37	276	279
3	269	277	278
3	149	277	278
3	149	269	278
3	149	269	277
3	267	276	278
3	258	276	278
3	258	267	278
3	258	267	276
3	279	287	458
3	277	287	458
3	277	279	458
3	277	279	287
3	265	280	282
3	41	280	282
3	41	265	282
3	41	265	280
3	281	283	285
3	173	283	285
3	173	281	285
3	173	281	283
3	274	281	282
3	234	281	282
3	234	274	282
3	234	274	281
3	280	283	462
3	279	283	462
3	279	280	462
3	279	280	283
3	277	284	287
3	164	284	287
3	164	277	287
3	164	277	284
3	273	285	286
3	188	285	286
3	188	273	286
3	188	273	285
3	284	286	382
3	271	286	382
3	271	284	382
3	271	284	286
3	285	287	478
3	283	287	478
3	283	285	478
3	283	285	287
3	288	290	292
3	6	290	292
3	6	288	292
3	6	288	290
3	289	291	304
3	50	291	304
3	50	289	304
3	50	289	291
3	289	290	298
3	199	290	298
3	199	289	298
3	199	289	290
3	291	302	315
3	288	302	315
3	288	291	315
3	288	291	302
3	292	295	300
3	10	295	300
3	10	292	300
3	10	292	295
3	293	294	297
3	74	294	297
3	74	293	297
3	74	293	294
3	290	292	294
3	203	292	294
3	203	290	294
3	203	290	292
3	295	310	339
3	293	310	339
3	293	295	339
3	293	295	310
3	289	296	298
3	57	296	298
3	57	289	298
3	57	289	296
3	297	299	308
3	81	299	308
3	81	297	308
3	81	297	299
3	294	297	298
3	214	297	298
3	214	294	298
3	214	294	297
3	299	307	482
3	296	307	482
3	296	299	482
3	296	299	307
3	288	300	302
3	12	300	302
3	12	288	302
3	12	288	300
3	301	303	309
3	120	303	309
3	120	301	309
3	120	301	303
3	302	306	318
3	301	306	318
3	301	302	318
3	301	302	306
3	300	303	342
3	295	303	342
3	295	300	342
3	295	300	303
3	296	304	307
3	68	304	307
3	68	296	307
3	68	296	304
3	301	305	306
3	124	305	306
3	124	301	306
3	124	301	305
3	304	306	330
3	291	306	330
3	291	304	330
3	291	304	306
3	307	311	494
3	305	311	494
3	305	307	494
3	305	307	311
3	293	308	310
3	88	308	310
3	88	293	310
3	88	293	308
3	305	309	311
3	128	309	311
3	128	305	311
3	128	305	309
3	309	310	350
3	303	310	350
3	303	309	350
3	303	309	310
3	308	311	498
3	299	311	498
3	299	308	498
3	299	308	311
3	312	315	316
3	7	315	316
3	7	312	316
3	7	312	315
3	313	314	324
3	51	314	324
3	51	313	324
3	51	313	314
3	312	314	322
3	223	314	322
3	223	312	322
3	223	312	314
3	313	315	330
3	291	315	330
3	291	313	330
3	291	313	315
3	316	319	320
3	13	319	320
3	13	316	320
3	13	316	319
3	317	318	329
3	121	318	329
3	121	317	329
3	121	317	318
3	315	316	318
3	302	316	318
3	302	315	318
3	302	315	316
3	319	334	362
3	317	334	362
3	317	319	362
3	317	319	334
3	312	320	322
3	22	320	322
3	22	312	322
3	22	312	320
3	321	323	333
3	170	323	333
3	170	321	333
3	170	321	323
3	321	322	326
3	231	322	326
3	231	321	326
3	231	321	322
3	320	323	371
3	319	323	371
3	319	320	371
3	319	320	323
3	324	327	328
3	61	327	328
3	61	324	328
3	61	324	327
3	321	325	326
3	177	325	326
3	177	321	326
3	177	321	325
3	314	324	326
3	238	324	326
3	238	314	326
3	238	314	324
3	327	335	506
3	325	335	506
3	325	327	506
3	325	327	335
3	313	328	330
3	69	328	330
3	69	313	330
3	69	313	328
3	329	331	332
3	125	331	332
3	125	329	332
3	125	329	331
3	318	329	330
3	306	329	330
3	306	318	330
3	306	318	329
3	328	331	514
3	327	331	514
3	327	328	514
3	327	328	331
3	317	332	334
3	140	332	334
3	140	317	334
3	140	317	332
3	325	333	335
3	184	333	335
3	184	325	335
3	184	325	333
3	333	334	378
3	323	334	378
3	323	333	378
3	323	333	334
3	332	335	526
3	331	335	526
3	331	332	526
3	331	332	335
3	336	338	344
3	11	338	344
3	11	336	344
3	11	336	338
3	337	339	348
3	75	339	348
3	75	337	348
3	75	337	339
3	337	338	354
3	247	338	354
3	247	337	354
3	247	337	338
3	336	339	342
3	295	339	342
3	295	336	342
3	295	336	339
3	336	340	342
3	14	340	342
3	14	336	342
3	14	336	340
3	341	343	356
3	122	343	356
3	122	341	356
3	122	341	343
3	341	342	350
3	303	342	350
3	303	341	350
3	303	341	342
3	343	347	363
3	340	347	363
3	340	343	363
3	340	343	347
3	340	344	347
3	18	344	347
3	18	340	347
3	18	340	344
3	345	346	353
3	146	346	353
3	146	345	353
3	146	345	346
3	338	344	346
3	255	344	346
3	255	338	346
3	255	338	344
3	347	358	367
3	345	358	367
3	345	347	367
3	345	347	358
3	348	351	352
3	89	351	352
3	89	348	352
3	89	348	351
3	341	349	350
3	129	349	350
3	129	341	350
3	129	341	349
3	339	348	350
3	310	348	350
3	310	339	350
3	310	339	348
3	351	359	534
3	349	359	534
3	349	351	534
3	349	351	359
3	337	352	354
3	93	352	354
3	93	337	354
3	93	337	352
3	353	355	357
3	153	355	357
3	153	353	357
3	153	353	355
3	346	353	354
3	262	353	354
3	262	346	354
3	262	346	353
3	352	355	538
3	351	355	538
3	351	352	538
3	351	352	355
3	349	356	359
3	136	356	359
3	136	349	359
3	136	349	356
3	345	357	358
3	160	357	358
3	160	345	358
3	160	345	357
3	356	358	374
3	343	358	374
3	343	356	374
3	343	356	358
3	357	359	550
3	355	359	550
3	355	357	550
3	355	357	359
3	360	363	364
3	15	363	364
3	15	360	364
3	15	360	363
3	361	362	376
3	123	362	376
3	123	361	376
3	123	361	362
3	360	362	371
3	319	362	371
3	319	360	371
3	319	360	362
3	361	363	374
3	343	363	374
3	343	361	374
3	343	361	363
3	364	366	368
3	19	366	368
3	19	364	368
3	19	364	366
3	365	367	373
3	147	367	373
3	147	365	373
3	147	365	367
3	365	366	382
3	271	366	382
3	271	365	382
3	271	365	366
3	363	364	367
3	347	364	367
3	347	363	367
3	347	363	364
3	360	368	371
3	23	368	371
3	23	360	371
3	23	360	368
3	369	370	381
3	171	370	381
3	171	369	381
3	171	369	370
3	366	368	370
3	275	368	370
3	275	366	370
3	275	366	368
3	369	371	378
3	323	371	378
3	323	369	378
3	323	369	371
3	361	372	374
3	137	372	374
3	137	361	374
3	137	361	372
3	373	375	380
3	161	375	380
3	161	373	380
3	161	373	375
3	367	373	374
3	358	373	374
3	358	367	374
3	358	367	373
3	375	379	566
3	372	379	566
3	372	375	566
3	372	375	379
3	372	376	379
3	141	376	379
3	141	372	379
3	141	372	376
3	369	377	378
3	185	377	378
3	185	369	378
3	185	369	377
3	362	376	378
3	334	376	378
3	334	362	378
3	334	362	376
3	379	383	570
3	377	383	570
3	377	379	570
3	377	379	383
3	365	380	382
3	165	380	382
3	165	365	382
3	165	365	380
3	377	381	383
3	189	381	383
3	189	377	383
3	189	377	381
3	370	381	382
3	286	381	382
3	286	370	382
3	286	370	381
3	380	383	574
3	375	383	574
3	375	380	574
3	375	380	383
3	384	387	396
3	30	387	396
3	30	384	396
3	30	384	387
3	385	386	392
3	54	386	392
3	54	385	392
3	54	385	386
3	384	386	390
3	207	386	390
3	207	384	390
3	207	384	386
3	387	402	411
3	385	402	411
3	385	387	411
3	385	387	402
3	384	388	390
3	34	388	390
3	34	384	390
3	34	384	388
3	389	391	404
3	78	391	404
3	78	389	404
3	78	389	391
3	389	390	394
3	211	390	394
3	211	389	394
3	211	389	390
3	391	399	435
3	388	399	435
3	388	391	435
3	388	391	399
3	392	395	400
3	58	395	400
3	58	392	400
3	58	392	395
3	389	393	394
3	82	393	394
3	82	389	394
3	82	389	393
3	386	392	394
3	215	392	394
3	215	386	394
3	215	386	392
3	395	407	483
3	393	407	483
3	393	395	483
3	393	395	407
3	388	396	399
3	44	396	399
3	44	388	399
3	44	388	396
3	397	398	401
3	96	398	401
3	96	397	401
3	96	397	398
3	396	398	422
3	387	398	422
3	387	396	422
3	387	396	398
3	399	406	442
3	397	406	442
3	397	399	442
3	397	399	406
3	385	400	402
3	64	400	402
3	64	385	402
3	64	385	400
3	401	403	405
3	100	403	405
3	100	401	405
3	100	401	403
3	401	402	426
3	398	402	426
3	398	401	426
3	398	401	402
3	400	403	486
3	395	403	486
3	395	400	486
3	395	400	403
3	393	404	407
3	84	404	407
3	84	393	407
3	84	393	404
3	397	405	406
3	104	405	406
3	104	397	406
3	104	397	405
3	404	406	446
3	391	406	446
3	391	404	446
3	391	404	406
3	405	407	490
3	403	407	490
3	403	405	490
3	403	405	407
3	408	410	412
3	31	410	412
3	31	408	412
3	31	408	410
3	409	411	424
3	55	411	424
3	55	409	424
3	55	409	411
3	409	410	418
3	227	410	418
3	227	409	418
3	227	409	410
3	408	411	422
3	387	411	422
3	387	408	422
3	387	408	411
3	412	415	420
3	42	415	420
3	42	412	420
3	42	412	415
3	413	414	417
3	174	414	417
3	174	413	417
3	174	413	414
3	410	412	414
3	235	412	414
3	235	410	414
3	235	410	412
3	415	430	463
3	413	430	463
3	413	415	463
3	413	415	430
3	409	416	418
3	62	416	418
3	62	409	418
3	62	409	416
3	417	419	429
3	178	419	429
3	178	417	429
3	178	417	419
3	414	417	418
3	239	417	418
3	239	414	418
3	239	414	417
3	419	427	507
3	416	427	507
3	416	419	507
3	416	419	427
3	408	420	422
3	45	420	422
3	45	408	422
3	45	408	420
3	421	423	428
3	97	423	428
3	97	421	428
3	97	421	423
3	421	422	426
3	398	422	426
3	398	421	426
3	398	421	422
3	420	423	466
3	415	423	466
3	415	420	466
3	415	420	423
3	416	424	427
3	65	424	427
3	65	416	427
3	65	416	424
3	421	425	426
3	101	425	426
3	101	421	426
3	101	421	425
3	411	424	426
3	402	424	426
3	402	411	426
3	402	411	424
3	427	431	510
3	425	431	510
3	425	427	510
3	425	427	431
3	425	428	431
3	116	428	431
3	116	425	431
3	116	425	428
3	413	429	430
3	180	429	430
3	180	413	430
3	180	413	429
3	428	430	474
3	423	430	474
3	423	428	474
3	423	428	430
3	429	431	522
3	419	431	522
3	419	429	522
3	419	429	431
3	432	435	440
3	35	435	440
3	35	432	440
3	35	432	435
3	433	434	448
3	79	434	448
3	79	433	448
3	79	433	434
3	432	434	438
3	251	434	438
3	251	432	438
3	251	432	434
3	433	435	446
3	391	435	446
3	391	433	446
3	391	433	435
3	432	436	438
3	38	436	438
3	38	432	438
3	38	432	436
3	437	439	453
3	150	439	453
3	150	437	453
3	150	437	439
3	437	438	450
3	259	438	450
3	259	437	450
3	259	437	438
3	439	443	459
3	436	443	459
3	436	439	459
3	436	439	443
3	436	440	443
3	46	440	443
3	46	436	443
3	46	436	440
3	441	442	445
3	98	442	445
3	98	441	445
3	98	441	442
3	435	440	442
3	399	440	442
3	399	435	442
3	399	435	440
3	443	454	467
3	441	454	467
3	441	443	467
3	441	443	454
3	433	444	446
3	85	444	446
3	85	433	446
3	85	433	444
3	445	447	452
3	105	447	452
3	105	445	452
3	105	445	447
3	442	445	446
3	406	445	446
3	406	442	446
3	406	442	445
3	447	451	530
3	444	451	530
3	444	447	530
3	444	447	451
3	444	448	451
3	94	448	451
3	94	444	451
3	94	444	448
3	437	449	450
3	154	449	450
3	154	437	450
3	154	437	449
3	434	448	450
3	263	448	450
3	263	434	450
3	263	434	448
3	451	455	539
3	449	455	539
3	449	451	539
3	449	451	455
3	441	452	454
3	112	452	454
3	112	441	454
3	112	441	452
3	449	453	455
3	156	453	455
3	156	449	455
3	156	449	453
3	453	454	470
3	439	454	470
3	439	453	470
3	439	453	454
3	452	455	546
3	447	455	546
3	447	452	546
3	447	452	455
3	456	459	464
3	39	459	464
3	39	456	464
3	39	456	459
3	457	458	476
3	151	458	476
3	151	457	476
3	151	457	458
3	456	458	462
3	279	458	462
3	279	456	462
3	279	456	458
3	457	459	470
3	439	459	470
3	439	457	470
3	439	457	459
3	456	460	462
3	43	460	462
3	43	456	462
3	43	456	460
3	461	463	473
3	175	463	473
3	175	461	473
3	175	461	463
3	461	462	478
3	283	462	478
3	283	461	478
3	283	461	462
3	460	463	466
3	415	463	466
3	415	460	466
3	415	460	463
3	460	464	466
3	47	464	466
3	47	460	466
3	47	460	464
3	465	467	468
3	99	467	468
3	99	465	468
3	99	465	467
3	465	466	474
3	423	466	474
3	423	465	474
3	423	465	466
3	459	464	467
3	443	464	467
3	443	459	467
3	443	459	464
3	468	471	472
3	113	471	472
3	113	468	472
3	113	468	471
3	457	469	470
3	157	469	470
3	157	457	470
3	157	457	469
3	467	468	470
3	454	468	470
3	454	467	470
3	454	467	468
3	471	479	558
3	469	479	558
3	469	471	558
3	469	471	479
3	465	472	474
3	117	472	474
3	117	465	474
3	117	465	472
3	473	475	477
3	181	475	477
3	181	473	477
3	181	473	475
3	463	473	474
3	430	473	474
3	430	463	474
3	430	463	473
3	472	475	562
3	471	475	562
3	471	472	562
3	471	472	475
3	469	476	479
3	166	476	479
3	166	469	479
3	166	469	476
3	461	477	478
3	190	477	478
3	190	461	478
3	190	461	477
3	458	476	478
3	287	476	478
3	287	458	478
3	287	458	476
3	477	479	575
3	475	479	575
3	475	477	575
3	475	477	479
3	480	482	492
3	59	482	492
3	59	480	492
3	59	480	482
3	481	483	488
3	83	483	488
3	83	481	488
3	83	481	483
3	481	482	498
3	299	482	498
3	299	481	498
3	299	481	482
3	480	483	486
3	395	483	486
3	395	480	486
3	395	480	483
3	480	484	486
3	66	484	486
3	66	480	486
3	66	480	484
3	485	487	500
3	102	487	500
3	102	485	500
3	102	485	487
3	485	486	490
3	403	486	490
3	403	485	490
3	403	485	486
3	487	495	511
3	484	495	511
3	484	487	511
3	484	487	495
3	488	491	496
3	86	491	496
3	86	488	496
3	86	488	491
3	485	489	490
3	106	489	490
3	106	485	490
3	106	485	489
3	483	488	490
3	407	488	490
3	407	483	490
3	407	483	488
3	491	503	531
3	489	503	531
3	489	491	531
3	489	491	503
3	484	492	495
3	70	492	495
3	70	484	495
3	70	484	492
3	493	494	497
3	126	494	497
3	126	493	497
3	126	493	494
3	482	492	494
3	307	492	494
3	307	482	494
3	307	482	492
3	495	502	515
3	493	502	515
3	493	495	515
3	493	495	502
3	481	496	498
3	90	496	498
3	90	481	498
3	90	481	496
3	497	499	501
3	130	499	501
3	130	497	501
3	130	497	499
3	494	497	498
3	311	497	498
3	311	494	498
3	311	494	497
3	496	499	535
3	491	499	535
3	491	496	535
3	491	496	499
3	489	500	503
3	108	500	503
3	108	489	503
3	108	489	500
3	493	501	502
3	132	501	502
3	132	493	502
3	132	493	501
3	500	502	518
3	487	502	518
3	487	500	518
3	487	500	502
3	501	503	542
3	499	503	542
3	499	501	542
3	499	501	503
3	504	507	508
3	63	507	508
3	63	504	508
3	63	504	507
3	505	506	525
3	179	506	525
3	179	505	525
3	179	505	506
3	504	506	514
3	327	506	514
3	327	504	514
3	327	504	506
3	505	507	522
3	419	507	522
3	419	505	522
3	419	505	507
3	508	511	512
3	67	511	512
3	67	508	512
3	67	508	511
3	509	510	520
3	103	510	520
3	103	509	520
3	103	509	510
3	507	508	510
3	427	508	510
3	427	507	510
3	427	507	508
3	509	511	518
3	487	511	518
3	487	509	518
3	487	509	511
3	504	512	514
3	71	512	514
3	71	504	514
3	71	504	512
3	513	515	517
3	127	515	517
3	127	513	517
3	127	513	515
3	513	514	526
3	331	514	526
3	331	513	526
3	331	513	514
3	511	512	515
3	495	512	515
3	495	511	515
3	495	511	512
3	509	516	518
3	109	516	518
3	109	509	518
3	109	509	516
3	517	519	524
3	133	519	524
3	133	517	524
3	133	517	519
3	515	517	518
3	502	517	518
3	502	515	518
3	502	515	517
3	519	523	554
3	516	523	554
3	516	519	554
3	516	519	523
3	516	520	523
3	118	520	523
3	118	516	523
3	118	516	520
3	505	521	522
3	182	521	522
3	182	505	522
3	182	505	521
3	510	520	522
3	431	520	522
3	431	510	522
3	431	510	520
3	523	527	563
3	521	527	563
3	521	523	563
3	521	523	527
3	513	524	526
3	142	524	526
3	142	513	526
3	142	513	524
3	521	525	527
3	186	525	527
3	186	521	527
3	186	521	525
3	506	525	526
3	335	525	526
3	335	506	526
3	335	506	525
3	524	527	571
3	519	527	571
3	519	524	571
3	519	524	527
3	528	530	536
3	87	530	536
3	87	528	536
3	87	528	530
3	529	531	540
3	107	531	540
3	107	529	540
3	107	529	531
3	529	530	546
3	447	530	546
3	447	529	546
3	447	529	530
3	528	531	535
3	491	531	535
3	491	528	535
3	491	528	531
3	528	532	535
3	91	532	535
3	91	528	535
3	91	528	532
3	533	534	548
3	131	534	548
3	131	533	548
3	131	533	534
3	532	534	538
3	351	534	538
3	351	532	538
3	351	532	534
3	533	535	542
3	499	535	542
3	499	533	542
3	499	533	535
3	532	536	538
3	95	536	538
3	95	532	538
3	95	532	536
3	537	539	545
3	155	539	545
3	155	537	545
3	155	537	539
3	537	538	550
3	355	538	550
3	355	537	550
3	355	537	538
3	530	536	539
3	451	536	539
3	451	530	539
3	451	530	536
3	540	543	544
3	110	543	544
3	110	540	544
3	110	540	543
3	533	541	542
3	134	541	542
3	134	533	542
3	134	533	541
3	531	540	542
3	503	540	542
3	503	531	542
3	503	531	540
3	543	551	555
3	541	551	555
3	541	543	555
3	541	543	551
3	529	544	546
3	114	544	546
3	114	529	546
3	114	529	544
3	545	547	549
3	158	547	549
3	158	545	549
3	158	545	547
3	539	545	546
3	455	545	546
3	455	539	546
3	455	539	545
3	544	547	559
3	543	547	559
3	543	544	559
3	543	544	547
3	541	548	551
3	138	548	551
3	138	541	551
3	138	541	548
3	537	549	550
3	162	549	550
3	162	537	550
3	162	537	549
3	534	548	550
3	359	548	550
3	359	534	550
3	359	534	548
3	549	551	567
3	547	551	567
3	547	549	567
3	547	549	551
3	552	554	560
3	111	554	560
3	111	552	560
3	111	552	554
3	553	555	564
3	135	555	564
3	135	553	564
3	135	553	555
3	553	554	571
3	519	554	571
3	519	553	571
3	519	553	554
3	552	555	559
3	543	555	559
3	543	552	559
3	543	552	555
3	552	556	559
3	115	556	559
3	115	552	559
3	115	552	556
3	557	558	572
3	159	558	572
3	159	557	572
3	159	557	558
3	556	558	562
3	471	558	562
3	471	556	562
3	471	556	558
3	557	559	567
3	547	559	567
3	547	557	567
3	547	557	559
3	556	560	562
3	119	560	562
3	119	556	562
3	119	556	560
3	561	563	569
3	183	563	569
3	183	561	569
3	183	561	563
3	561	562	575
3	475	562	575
3	475	561	575
3	475	561	562
3	554	560	563
3	523	560	563
3	523	554	563
3	523	554	560
3	564	566	568
3	139	566	568
3	139	564	568
3	139	564	566
3	557	565	567
3	163	565	567
3	163	557	567
3	163	557	565
3	565	566	574
3	375	566	574
3	375	565	574
3	375	565	566
3	555	564	567
3	551	564	567
3	551	555	567
3	551	555	564
3	553	568	571
3	143	568	571
3	143	553	571
3	143	553	568
3	569	570	573
3	187	570	573
3	187	569	573
3	187	569	570
3	566	568	570
3	379	568	570
3	379	566	570
3	379	566	568
3	563	569	571
3	527	569	571
3	527	563	571
3	527	563	569
3	565	572	574
3	167	572	574
3	167	565	574
3	167	565	572
3	561	573	575
3	191	573	575
3	191	561	575
3	191	561	573
3	570	573	574
3	383	573	574
3	383	570	574
3	383	570	573
3	558	572	575
3	479	572	575
3	479	558	575
3	479	558	572
