192
-1.33333	-0.666666	-0.666666	-0.666666
-1.66667	-0.333334	-0.333334	-0.333334
-1.33333	-0.666666	-0.666666	0.666666
-1.66667	-0.333334	-0.333334	0.333334
-1.33333	-0.666666	0.666666	-0.666666
-1.66667	-0.333334	0.333334	-0.333334
-1.33333	-0.666666	0.666666	0.666666
-1.66667	-0.333334	0.333334	0.333334
-1.33333	0.666666	-0.666666	-0.666666
-1.66667	0.333334	-0.333334	-0.333334
-1.33333	0.666666	-0.666666	0.666666
-1.66667	0.333334	-0.333334	0.333334
-1.33333	0.666666	0.666666	-0.666666
-1.66667	0.333334	0.333334	-0.333334
-1.33333	0.666666	0.666666	0.666666
-1.66667	0.333334	0.333334	0.333334
-0.666666	-1.33333	-0.666666	-0.666666
-0.333334	-1.66667	-0.333334	-0.333334
-0.666666	-1.33333	-0.666666	0.666666
-0.333334	-1.66667	-0.333334	0.333334
-0.666666	-1.33333	0.666666	-0.666666
-0.333334	-1.66667	0.333334	-0.333334
-0.666666	-1.33333	0.666666	0.666666
-0.333334	-1.66667	0.333334	0.333334
0.666666	-1.33333	-0.666666	-0.666666
0.333334	-1.66667	-0.333334	-0.333334
0.666666	-1.33333	-0.666666	0.666666
0.333334	-1.66667	-0.333334	0.333334
0.666666	-1.33333	0.666666	-0.666666
0.333334	-1.66667	0.333334	-0.333334
0.666666	-1.33333	0.666666	0.666666
0.333334	-1.66667	0.333334	0.333334
-0.666666	-0.666666	-1.33333	-0.666666
-0.333334	-0.333334	-1.66667	-0.333334
-0.666666	-0.666666	-1.33333	0.666666
-0.333334	-0.333334	-1.66667	0.333334
-0.666666	0.666666	-1.33333	-0.666666
-0.333334	0.333334	-1.66667	-0.333334
-0.666666	0.666666	-1.33333	0.666666
-0.333334	0.333334	-1.66667	0.333334
0.666666	-0.666666	-1.33333	-0.666666
0.333334	-0.333334	-1.66667	-0.333334
0.666666	-0.666666	-1.33333	0.666666
0.333334	-0.333334	-1.66667	0.333334
0.666666	0.666666	-1.33333	-0.666666
0.333334	0.333334	-1.66667	-0.333334
0.666666	0.666666	-1.33333	0.666666
0.333334	0.333334	-1.66667	0.333334
-0.666666	-0.666666	-0.666666	-1.33333
-0.333334	-0.333334	-0.333334	-1.66667
-0.666666	-0.666666	0.666666	-1.33333
-0.333334	-0.333334	0.333334	-1.66667
-0.666666	0.666666	-0.666666	-1.33333
-0.333334	0.333334	-0.333334	-1.66667
-0.666666	0.666666	0.666666	-1.33333
-0.333334	0.333334	0.333334	-1.66667
0.666666	-0.666666	-0.666666	-1.33333
0.333334	-0.333334	-0.333334	-1.66667
0.666666	-0.666666	0.666666	-1.33333
0.333334	-0.333334	0.333334	-1.66667
0.666666	0.666666	-0.666666	-1.33333
0.333334	0.333334	-0.333334	-1.66667
0.666666	0.666666	0.666666	-1.33333
0.333334	0.333334	0.333334	-1.66667
1.33333	-0.666666	-0.666666	-0.666666
1.66667	-0.333334	-0.333334	-0.333334
1.33333	-0.666666	-0.666666	0.666666
1.66667	-0.333334	-0.333334	0.333334
1.33333	-0.666666	0.666666	-0.666666
1.66667	-0.333334	0.333334	-0.333334
1.33333	-0.666666	0.666666	0.666666
1.66667	-0.333334	0.333334	0.333334
1.33333	0.666666	-0.666666	-0.666666
1.66667	0.333334	-0.333334	-0.333334
1.33333	0.666666	-0.666666	0.666666
1.66667	0.333334	-0.333334	0.333334
1.33333	0.666666	0.666666	-0.666666
1.66667	0.333334	0.333334	-0.333334
1.33333	0.666666	0.666666	0.666666
1.66667	0.333334	0.333334	0.333334
-0.666666	1.33333	-0.666666	-0.666666
-0.333334	1.66667	-0.333334	-0.333334
-0.666666	1.33333	-0.666666	0.666666
-0.333334	1.66667	-0.333334	0.333334
-0.666666	1.33333	0.666666	-0.666666
-0.333334	1.66667	0.333334	-0.333334
-0.666666	1.33333	0.666666	0.666666
-0.333334	1.66667	0.333334	0.333334
0.666666	1.33333	-0.666666	-0.666666
0.333334	1.66667	-0.333334	-0.333334
0.666666	1.33333	-0.666666	0.666666
0.333334	1.66667	-0.333334	0.333334
0.666666	1.33333	0.666666	-0.666666
0.333334	1.66667	0.333334	-0.333334
0.666666	1.33333	0.666666	0.666666
0.333334	1.66667	0.333334	0.333334
-0.666666	-0.666666	1.33333	-0.666666
-0.333334	-0.333334	1.66667	-0.333334
-0.666666	-0.666666	1.33333	0.666666
-0.333334	-0.333334	1.66667	0.333334
-0.666666	0.666666	1.33333	-0.666666
-0.333334	0.333334	1.66667	-0.333334
-0.666666	0.666666	1.33333	0.666666
-0.333334	0.333334	1.66667	0.333334
0.666666	-0.666666	1.33333	-0.666666
0.333334	-0.333334	1.66667	-0.333334
0.666666	-0.666666	1.33333	0.666666
0.333334	-0.333334	1.66667	0.333334
0.666666	0.666666	1.33333	-0.666666
0.333334	0.333334	1.66667	-0.333334
0.666666	0.666666	1.33333	0.666666
0.333334	0.333334	1.66667	0.333334
-0.666666	-0.666666	-0.666666	1.33333
-0.333334	-0.333334	-0.333334	1.66667
-0.666666	-0.666666	0.666666	1.33333
-0.333334	-0.333334	0.333334	1.66667
-0.666666	0.666666	-0.666666	1.33333
-0.333334	0.333334	-0.333334	1.66667
-0.666666	0.666666	0.666666	1.33333
-0.333334	0.333334	0.333334	1.66667
0.666666	-0.666666	-0.666666	1.33333
0.333334	-0.333334	-0.333334	1.66667
0.666666	-0.666666	0.666666	1.33333
0.333334	-0.333334	0.333334	1.66667
0.666666	0.666666	-0.666666	1.33333
0.333334	0.333334	-0.333334	1.66667
0.666666	0.666666	0.666666	1.33333
0.333334	0.333334	0.333334	1.66667
-1	-1	-1	0.333334
-1	-1	-1	-0.333334
-1	-1	0.333334	-1
-1	-1	-0.333334	-1
-1	0.333334	-1	-1
-1	-0.333334	-1	-1
0.333334	-1	-1	-1
-0.333334	-1	-1	-1
-1	-1	0.333334	1
-1	-1	-0.333334	1
-1	0.333334	-1	1
-1	-0.333334	-1	1
0.333334	-1	-1	1
-0.333334	-1	-1	1
-1	-1	1	0.333334
-1	-1	1	-0.333334
-1	0.333334	1	-1
-1	-0.333334	1	-1
0.333334	-1	1	-1
-0.333334	-1	1	-1
-1	0.333334	1	1
-1	-0.333334	1	1
0.333334	-1	1	1
-0.333334	-1	1	1
-1	1	-1	0.333334
-1	1	-1	-0.333334
-1	1	0.333334	-1
-1	1	-0.333334	-1
0.333334	1	-1	-1
-0.333334	1	-1	-1
-1	1	0.333334	1
-1	1	-0.333334	1
0.333334	1	-1	1
-0.333334	1	-1	1
-1	1	1	0.333334
-1	1	1	-0.333334
0.333334	1	1	-1
-0.333334	1	1	-1
0.333334	1	1	1
-0.333334	1	1	1
1	-1	-1	0.333334
1	-1	-1	-0.333334
1	-1	0.333334	-1
1	-1	-0.333334	-1
1	0.333334	-1	-1
1	-0.333334	-1	-1
1	-1	0.333334	1
1	-1	-0.333334	1
1	0.333334	-1	1
1	-0.333334	-1	1
1	-1	1	0.333334
1	-1	1	-0.333334
1	0.333334	1	-1
1	-0.333334	1	-1
1	0.333334	1	1
1	-0.333334	1	1
1	1	-1	0.333334
1	1	-1	-0.333334
1	1	0.333334	-1
1	1	-0.333334	-1
1	1	0.333334	1
1	1	-0.333334	1
1	1	1	0.333334
1	1	1	-0.333334
384
0	129
129	128
128	2
2	3
3	1
1	0
0	131
131	130
130	4
4	5
5	1
16	129
128	18
18	19
19	17
17	16
16	131
130	20
20	21
21	17
4	143
143	142
142	6
6	7
7	5
2	137
137	136
136	6
7	3
20	143
142	22
22	23
23	21
18	137
136	22
23	19
0	133
133	132
132	8
8	9
9	1
32	129
128	34
34	35
35	33
33	32
32	133
132	36
36	37
37	33
8	153
153	152
152	10
10	11
11	9
2	139
139	138
138	10
11	3
34	139
138	38
38	39
39	35
36	153
152	38
39	37
48	131
130	50
50	51
51	49
49	48
48	133
132	52
52	53
53	49
8	155
155	154
154	12
12	13
13	9
4	145
145	144
144	12
13	5
52	155
154	54
54	55
55	53
50	145
144	54
55	51
16	135
135	134
134	24
24	25
25	17
32	135
134	40
40	41
41	33
18	141
141	140
140	26
26	27
27	19
34	141
140	42
42	43
43	35
24	169
169	168
168	26
27	25
40	169
168	42
43	41
48	135
134	56
56	57
57	49
20	147
147	146
146	28
28	29
29	21
24	171
171	170
170	28
29	25
56	171
170	58
58	59
59	57
50	147
146	58
59	51
40	173
173	172
172	44
44	45
45	41
56	173
172	60
60	61
61	57
36	157
157	156
156	44
45	37
52	157
156	60
61	53
12	163
163	162
162	14
14	15
15	13
10	159
159	158
158	14
15	11
80	153
152	82
82	83
83	81
81	80
80	155
154	84
84	85
85	81
84	163
162	86
86	87
87	85
82	159
158	86
87	83
6	149
149	148
148	14
15	7
96	143
142	98
98	99
99	97
97	96
96	145
144	100
100	101
101	97
100	163
162	102
102	103
103	101
98	149
148	102
103	99
112	137
136	114
114	115
115	113
113	112
112	139
138	116
116	117
117	113
116	159
158	118
118	119
119	117
114	149
148	118
119	115
22	151
151	150
150	30
30	31
31	23
28	179
179	178
178	30
31	29
96	147
146	104
104	105
105	97
104	179
178	106
106	107
107	105
98	151
150	106
107	99
112	141
140	120
120	121
121	113
26	175
175	174
174	30
31	27
120	175
174	122
122	123
123	121
114	151
150	122
123	115
42	177
177	176
176	46
46	47
47	43
38	161
161	160
160	46
47	39
120	177
176	124
124	125
125	121
116	161
160	124
125	117
64	169
168	66
66	67
67	65
65	64
64	171
170	68
68	69
69	65
68	179
178	70
70	71
71	69
66	175
174	70
71	67
64	173
172	72
72	73
73	65
44	185
185	184
184	46
47	45
72	185
184	74
74	75
75	73
66	177
176	74
75	67
60	187
187	186
186	62
62	63
63	61
58	181
181	180
180	62
63	59
72	187
186	76
76	77
77	73
68	181
180	76
77	69
80	157
156	88
88	89
89	81
88	185
184	90
90	91
91	89
82	161
160	90
91	83
54	165
165	164
164	62
63	55
88	187
186	92
92	93
93	89
84	165
164	92
93	85
104	181
180	108
108	109
109	105
100	165
164	108
109	101
76	191
191	190
190	78
78	79
79	77
74	189
189	188
188	78
79	75
92	191
190	94
94	95
95	93
90	189
188	94
95	91
70	183
183	182
182	78
79	71
108	191
190	110
110	111
111	109
106	183
182	110
111	107
124	189
188	126
126	127
127	125
122	183
182	126
127	123
86	167
167	166
166	94
95	87
102	167
166	110
111	103
118	167
166	126
127	119
240
6	0	129	128	2	3	1
6	0	131	130	4	5	1
6	16	129	128	18	19	17
6	16	131	130	20	21	17
6	4	143	142	6	7	5
6	2	137	136	6	7	3
6	20	143	142	22	23	21
6	18	137	136	22	23	19
6	0	133	132	8	9	1
6	32	129	128	34	35	33
6	32	133	132	36	37	33
6	8	153	152	10	11	9
6	2	139	138	10	11	3
6	34	139	138	38	39	35
6	36	153	152	38	39	37
6	48	131	130	50	51	49
6	48	133	132	52	53	49
6	8	155	154	12	13	9
6	4	145	144	12	13	5
6	52	155	154	54	55	53
6	50	145	144	54	55	51
6	16	135	134	24	25	17
6	32	135	134	40	41	33
6	18	141	140	26	27	19
6	34	141	140	42	43	35
6	24	169	168	26	27	25
6	40	169	168	42	43	41
6	48	135	134	56	57	49
6	20	147	146	28	29	21
6	24	171	170	28	29	25
6	56	171	170	58	59	57
6	50	147	146	58	59	51
6	40	173	172	44	45	41
6	56	173	172	60	61	57
6	36	157	156	44	45	37
6	52	157	156	60	61	53
6	12	163	162	14	15	13
6	10	159	158	14	15	11
6	80	153	152	82	83	81
6	80	155	154	84	85	81
6	84	163	162	86	87	85
6	82	159	158	86	87	83
6	6	149	148	14	15	7
6	96	143	142	98	99	97
6	96	145	144	100	101	97
6	100	163	162	102	103	101
6	98	149	148	102	103	99
6	112	137	136	114	115	113
6	112	139	138	116	117	113
6	116	159	158	118	119	117
6	114	149	148	118	119	115
6	22	151	150	30	31	23
6	28	179	178	30	31	29
6	96	147	146	104	105	97
6	104	179	178	106	107	105
6	98	151	150	106	107	99
6	112	141	140	120	121	113
6	26	175	174	30	31	27
6	120	175	174	122	123	121
6	114	151	150	122	123	115
6	42	177	176	46	47	43
6	38	161	160	46	47	39
6	120	177	176	124	125	121
6	116	161	160	124	125	117
6	64	169	168	66	67	65
6	64	171	170	68	69	65
6	68	179	178	70	71	69
6	66	175	174	70	71	67
6	64	173	172	72	73	65
6	44	185	184	46	47	45
6	72	185	184	74	75	73
6	66	177	176	74	75	67
6	60	187	186	62	63	61
6	58	181	180	62	63	59
6	72	187	186	76	77	73
6	68	181	180	76	77	69
6	80	157	156	88	89	81
6	88	185	184	90	91	89
6	82	161	160	90	91	83
6	54	165	164	62	63	55
6	88	187	186	92	93	89
6	84	165	164	92	93	85
6	104	181	180	108	109	105
6	100	165	164	108	109	101
6	76	191	190	78	79	77
6	74	189	188	78	79	75
6	92	191	190	94	95	93
6	90	189	188	94	95	91
6	70	183	182	78	79	71
6	108	191	190	110	111	109
6	106	183	182	110	111	107
6	124	189	188	126	127	125
6	122	183	182	126	127	123
6	86	167	166	94	95	87
6	102	167	166	110	111	103
6	118	167	166	126	127	119
4	1	5	7	3
4	17	21	23	19
4	0	131	16	129
4	2	137	18	128
4	4	143	20	130
4	6	142	22	136
4	1	9	11	3
4	33	37	39	35
4	0	133	32	129
4	2	139	34	128
4	8	153	36	132
4	10	152	38	138
4	1	9	13	5
4	49	53	55	51
4	0	133	48	131
4	4	145	50	130
4	8	155	52	132
4	12	154	54	144
4	17	25	27	19
4	33	41	43	35
4	16	135	32	129
4	18	141	34	128
4	24	169	40	134
4	26	168	42	140
4	17	25	29	21
4	49	57	59	51
4	16	135	48	131
4	20	147	50	130
4	24	171	56	134
4	28	170	58	146
4	33	41	45	37
4	49	57	61	53
4	32	135	48	133
4	36	157	52	132
4	40	173	56	134
4	44	172	60	156
4	9	13	15	11
4	81	85	87	83
4	8	155	80	153
4	10	159	82	152
4	12	163	84	154
4	14	162	86	158
4	5	13	15	7
4	97	101	103	99
4	4	145	96	143
4	6	149	98	142
4	12	163	100	144
4	14	162	102	148
4	3	11	15	7
4	113	117	119	115
4	2	139	112	137
4	6	149	114	136
4	10	159	116	138
4	14	158	118	148
4	21	29	31	23
4	97	105	107	99
4	20	147	96	143
4	22	151	98	142
4	28	179	104	146
4	30	178	106	150
4	19	27	31	23
4	113	121	123	115
4	18	141	112	137
4	22	151	114	136
4	26	175	120	140
4	30	174	122	150
4	35	43	47	39
4	113	121	125	117
4	34	141	112	139
4	38	161	116	138
4	42	177	120	140
4	46	176	124	160
4	25	29	31	27
4	65	69	71	67
4	24	171	64	169
4	26	175	66	168
4	28	179	68	170
4	30	178	70	174
4	41	45	47	43
4	65	73	75	67
4	40	173	64	169
4	42	177	66	168
4	44	185	72	172
4	46	184	74	176
4	57	61	63	59
4	65	73	77	69
4	56	173	64	171
4	58	181	68	170
4	60	187	72	172
4	62	186	76	180
4	37	45	47	39
4	81	89	91	83
4	36	157	80	153
4	38	161	82	152
4	44	185	88	156
4	46	184	90	160
4	53	61	63	55
4	81	89	93	85
4	52	157	80	155
4	54	165	84	154
4	60	187	88	156
4	62	186	92	164
4	51	59	63	55
4	97	105	109	101
4	50	147	96	145
4	54	165	100	144
4	58	181	104	146
4	62	180	108	164
4	73	77	79	75
4	89	93	95	91
4	72	187	88	185
4	74	189	90	184
4	76	191	92	186
4	78	190	94	188
4	69	77	79	71
4	105	109	111	107
4	68	181	104	179
4	70	183	106	178
4	76	191	108	180
4	78	190	110	182
4	67	75	79	71
4	121	125	127	123
4	66	177	120	175
4	70	183	122	174
4	74	189	124	176
4	78	188	126	182
4	85	93	95	87
4	101	109	111	103
4	84	165	100	163
4	86	167	102	162
4	92	191	108	164
4	94	190	110	166
4	83	91	95	87
4	117	125	127	119
4	82	161	116	159
4	86	167	118	158
4	90	189	124	160
4	94	188	126	166
4	99	107	111	103
4	115	123	127	119
4	98	151	114	149
4	102	167	118	148
4	106	183	122	150
4	110	182	126	166
