20
-0.745356	0.745356	0.745356	0.333334
-0.372678	0.372678	0.372678	1.16667
0.745356	-0.745356	0.745356	0.333334
0.372678	-0.372678	0.372678	1.16667
0.745356	0.745356	-0.745356	0.333334
0.372678	0.372678	-0.372678	1.16667
-0.745356	-0.745356	-0.745356	0.333334
-0.372678	-0.372678	-0.372678	1.16667
0.372678	-0.372678	1.11803	-0.5
-0.372678	0.372678	1.11803	-0.5
0.372678	1.11803	-0.372678	-0.5
-0.372678	1.11803	0.372678	-0.5
-1.11803	-0.372678	-0.372678	-0.5
-1.11803	0.372678	0.372678	-0.5
1.11803	0.372678	-0.372678	-0.5
1.11803	-0.372678	0.372678	-0.5
-0.372678	-1.11803	-0.372678	-0.5
0.372678	-1.11803	0.372678	-0.5
-0.372678	-0.372678	-1.11803	-0.5
0.372678	0.372678	-1.11803	-0.5
40
14	19
19	18
18	16
16	17
17	15
15	14
10	19
18	12
12	13
13	11
11	10
8	17
16	12
13	9
9	8
8	15
14	10
11	9
4	19
18	6
6	7
7	5
5	4
2	17
16	6
7	3
3	2
2	15
14	4
5	3
0	13
12	6
7	1
1	0
0	11
10	4
5	1
0	9
8	2
3	1
30
6	14	19	18	16	17	15
6	10	19	18	12	13	11
6	8	17	16	12	13	9
6	8	15	14	10	11	9
6	4	19	18	6	7	5
6	2	17	16	6	7	3
6	2	15	14	4	5	3
6	0	13	12	6	7	1
6	0	11	10	4	5	1
6	0	9	8	2	3	1
3	9	11	13
3	8	15	17
3	10	14	19
3	12	16	18
3	3	5	7
3	2	15	17
3	4	14	19
3	6	16	18
3	1	5	7
3	0	11	13
3	4	10	19
3	6	12	18
3	1	3	7
3	0	9	13
3	2	8	17
3	6	12	16
3	1	3	5
3	0	9	11
3	2	8	15
3	4	10	14
