
<!-- saved from url=(0058)http://paulbourke.net/geometry/hyperspace/5cell_snub.ascii -->
<html><head><meta http-equiv="Content-Type" content="text/html; charset=ISO-8859-1"></head><body><pre style="word-wrap: break-word; white-space: pre-wrap;">60
0.894426	-0.447212	0	1
0.447212	0	-0.894426	1
0	-0.894426	-0.447212	1
-0.894426	0.447212	0	1
0	0.894426	-0.447212	1
-0.447212	0	-0.894426	1
-0.447212	0	0.894426	1
0	-0.894426	0.447212	1
-0.894426	-0.447212	0	1
0	0.894426	0.447212	1
0.447212	0	0.894426	1
0.894426	0.447212	0	1
-0.447212	0	0.894426	-1
0	0.894426	0.447212	-1
-0.894426	0.447212	0	-1
-0.670818	1.11803	0.223606	0.5
-0.670818	1.11803	-0.223606	-0.5
-1.34164	0.447212	0	0
-1.11803	0.223606	0.670818	0.5
-0.447212	0	1.34164	0
-1.11803	-0.223606	0.670818	-0.5
-0.223606	0.670818	1.11803	0.5
0.223606	0.670818	1.11803	-0.5
0	1.34164	0.447212	0
0.447212	0	0.894426	-1
0.894426	-0.447212	0	-1
0	-0.894426	0.447212	-1
0.670818	-1.11803	0.223606	0.5
1.34164	-0.447212	0	0
0.670818	-1.11803	-0.223606	-0.5
0.223606	-0.670818	1.11803	0.5
-0.223606	-0.670818	1.11803	-0.5
0	-1.34164	0.447212	0
1.11803	-0.223606	0.670818	0.5
0.447212	0	1.34164	0
1.11803	0.223606	0.670818	-0.5
0	0.894426	-0.447212	-1
0.894426	0.447212	0	-1
0.447212	0	-0.894426	-1
1.11803	0.223606	-0.670818	0.5
1.11803	-0.223606	-0.670818	-0.5
0.447212	0	-1.34164	0
0.223606	0.670818	-1.11803	0.5
0	1.34164	-0.447212	0
-0.223606	0.670818	-1.11803	-0.5
0.670818	1.11803	-0.223606	0.5
0.670818	1.11803	0.223606	-0.5
1.34164	0.447212	0	0
-0.894426	-0.447212	0	-1
0	-0.894426	-0.447212	-1
-0.447212	0	-0.894426	-1
-0.223606	-0.670818	-1.11803	0.5
0	-1.34164	-0.447212	0
0.223606	-0.670818	-1.11803	-0.5
-1.11803	-0.223606	-0.670818	0.5
-1.11803	0.223606	-0.670818	-0.5
-0.447212	0	-1.34164	0
-0.670818	-1.11803	-0.223606	0.5
-1.34164	-0.447212	0	0
-0.670818	-1.11803	0.223606	-0.5
270
25	38
38	49
49	25
14	36
36	50
50	14
12	26
26	48
48	12
13	24
24	37
37	13
29	40
40	53
53	29
1	41
41	51
51	1
2	27
27	52
52	2
0	28
28	39
39	0
16	44
44	55
55	16
5	42
42	56
56	5
3	17
17	54
54	3
4	15
15	43
43	4
20	31
31	59
59	20
7	32
32	57
57	7
8	18
18	58
58	8
6	19
19	30
30	6
22	35
35	46
46	22
11	33
33	47
47	11
9	23
23	45
45	9
10	21
21	34
34	10
3	6
6	9
9	3
0	7
7	10
10	0
1	4
4	11
11	1
2	5
5	8
8	2
15	18
18	21
21	15
12	19
19	22
22	12
13	16
16	23
23	13
14	17
17	20
20	14
27	30
30	33
33	27
24	31
31	34
34	24
25	28
28	35
35	25
26	29
29	32
32	26
39	42
42	45
45	39
36	43
43	46
46	36
37	40
40	47
47	37
38	41
41	44
44	38
51	54
54	57
57	51
48	55
55	58
58	48
49	52
52	59
59	49
50	53
53	56
56	50
12	13
13	14
14	12
24	25
25	26
26	24
36	37
37	38
38	36
48	49
49	50
50	48
0	1
1	2
2	0
27	28
28	29
29	27
39	40
40	41
41	39
51	52
52	53
53	51
3	4
4	5
5	3
15	16
16	17
17	15
42	43
43	44
44	42
54	55
55	56
56	54
6	7
7	8
8	6
18	19
19	20
20	18
30	31
31	32
32	30
57	58
58	59
59	57
9	10
10	11
11	9
21	22
22	23
23	21
33	34
34	35
35	33
45	46
46	47
47	45
2	7
7	27
27	0
11	39
39	1
0	11
5	51
51	2
1	5
4	9
9	15
15	3
42	4
42	1
8	54
54	5
3	8
18	6
18	3
10	30
30	7
6	10
8	57
57	2
21	9
21	6
33	10
33	0
11	45
45	4
13	22
22	24
24	12
14	16
16	36
36	13
20	48
48	14
12	20
17	18
23	43
43	16
15	23
17	55
55	14
19	21
31	19
31	12
20	58
58	17
22	34
34	19
23	46
46	13
26	31
35	37
37	25
24	35
29	49
49	26
25	29
28	33
40	28
40	25
32	52
52	29
27	32
34	30
32	59
59	26
35	47
47	28
37	46
38	40
44	50
50	38
36	44
41	42
47	39
41	53
53	38
43	45
44	56
56	41
50	55
59	48
53	49
52	57
56	51
58	54
300
3	25	38	49
3	14	36	50
3	12	26	48
3	13	24	37
3	29	40	53
3	1	41	51
3	2	27	52
3	0	28	39
3	16	44	55
3	5	42	56
3	3	17	54
3	4	15	43
3	20	31	59
3	7	32	57
3	8	18	58
3	6	19	30
3	22	35	46
3	11	33	47
3	9	23	45
3	10	21	34
3	3	6	9
3	0	7	10
3	1	4	11
3	2	5	8
3	15	18	21
3	12	19	22
3	13	16	23
3	14	17	20
3	27	30	33
3	24	31	34
3	25	28	35
3	26	29	32
3	39	42	45
3	36	43	46
3	37	40	47
3	38	41	44
3	51	54	57
3	48	55	58
3	49	52	59
3	50	53	56
3	12	13	14
3	24	25	26
3	36	37	38
3	48	49	50
3	0	1	2
3	27	28	29
3	39	40	41
3	51	52	53
3	3	4	5
3	15	16	17
3	42	43	44
3	54	55	56
3	6	7	8
3	18	19	20
3	30	31	32
3	57	58	59
3	9	10	11
3	21	22	23
3	33	34	35
3	45	46	47
3	2	7	27
3	0	7	27
3	0	2	27
3	0	2	7
3	1	11	39
3	0	11	39
3	0	1	39
3	0	1	11
3	2	5	51
3	1	5	51
3	1	2	51
3	1	2	5
3	4	9	15
3	3	9	15
3	3	4	15
3	3	4	9
3	4	5	42
3	1	5	42
3	1	4	42
3	1	4	5
3	5	8	54
3	3	8	54
3	3	5	54
3	3	5	8
3	6	8	18
3	3	8	18
3	3	6	18
3	3	6	8
3	7	10	30
3	6	10	30
3	6	7	30
3	6	7	10
3	7	8	57
3	2	8	57
3	2	7	57
3	2	7	8
3	9	10	21
3	6	10	21
3	6	9	21
3	6	9	10
3	10	11	33
3	0	11	33
3	0	10	33
3	0	10	11
3	9	11	45
3	4	11	45
3	4	9	45
3	4	9	11
3	13	22	24
3	12	22	24
3	12	13	24
3	12	13	22
3	14	16	36
3	13	16	36
3	13	14	36
3	13	14	16
3	14	20	48
3	12	20	48
3	12	14	48
3	12	14	20
3	15	17	18
3	3	17	18
3	3	15	18
3	3	15	17
3	16	23	43
3	15	23	43
3	15	16	43
3	15	16	23
3	16	17	55
3	14	17	55
3	14	16	55
3	14	16	17
3	18	19	21
3	6	19	21
3	6	18	21
3	6	18	19
3	19	20	31
3	12	20	31
3	12	19	31
3	12	19	20
3	18	20	58
3	17	20	58
3	17	18	58
3	17	18	20
3	15	21	23
3	9	21	23
3	9	15	23
3	9	15	21
3	21	22	34
3	19	22	34
3	19	21	34
3	19	21	22
3	22	23	46
3	13	23	46
3	13	22	46
3	13	22	23
3	24	26	31
3	12	26	31
3	12	24	31
3	12	24	26
3	25	35	37
3	24	35	37
3	24	25	37
3	24	25	35
3	26	29	49
3	25	29	49
3	25	26	49
3	25	26	29
3	27	28	33
3	0	28	33
3	0	27	33
3	0	27	28
3	28	29	40
3	25	29	40
3	25	28	40
3	25	28	29
3	29	32	52
3	27	32	52
3	27	29	52
3	27	29	32
3	27	30	32
3	7	30	32
3	7	27	32
3	7	27	30
3	30	31	34
3	19	31	34
3	19	30	34
3	19	30	31
3	31	32	59
3	26	32	59
3	26	31	59
3	26	31	32
3	30	33	34
3	10	33	34
3	10	30	34
3	10	30	33
3	24	34	35
3	22	34	35
3	22	24	35
3	22	24	34
3	33	35	47
3	28	35	47
3	28	33	47
3	28	33	35
3	36	37	46
3	13	37	46
3	13	36	46
3	13	36	37
3	37	38	40
3	25	38	40
3	25	37	40
3	25	37	38
3	38	44	50
3	36	44	50
3	36	38	50
3	36	38	44
3	39	41	42
3	1	41	42
3	1	39	42
3	1	39	41
3	39	40	47
3	28	40	47
3	28	39	47
3	28	39	40
3	40	41	53
3	38	41	53
3	38	40	53
3	38	40	41
3	42	43	45
3	4	43	45
3	4	42	45
3	4	42	43
3	36	43	44
3	16	43	44
3	16	36	44
3	16	36	43
3	42	44	56
3	41	44	56
3	41	42	56
3	41	42	44
3	39	45	47
3	11	45	47
3	11	39	47
3	11	39	45
3	43	45	46
3	23	45	46
3	23	43	46
3	23	43	45
3	37	46	47
3	35	46	47
3	35	37	47
3	35	37	46
3	48	50	55
3	14	50	55
3	14	48	55
3	14	48	50
3	48	49	59
3	26	49	59
3	26	48	59
3	26	48	49
3	49	50	53
3	38	50	53
3	38	49	53
3	38	49	50
3	51	52	57
3	2	52	57
3	2	51	57
3	2	51	52
3	49	52	53
3	29	52	53
3	29	49	53
3	29	49	52
3	51	53	56
3	41	53	56
3	41	51	56
3	41	51	53
3	51	54	56
3	5	54	56
3	5	51	56
3	5	51	54
3	54	55	58
3	17	55	58
3	17	54	58
3	17	54	55
3	50	55	56
3	44	55	56
3	44	50	56
3	44	50	55
3	54	57	58
3	8	57	58
3	8	54	58
3	8	54	57
3	48	58	59
3	20	58	59
3	20	48	59
3	20	48	58
3	52	57	59
3	32	57	59
3	32	52	59
3	32	52	57
</pre></body></html>