120		# vertices
0.000000 0.000000 0.000000 1.000000		
0.500000 0.000000 0.309017 0.809017		
0.500000 0.000000 -0.309017 0.809017	
-0.500000 0.000000 0.309017 0.809017	
-0.500000 0.000000 -0.309017 0.809017	
0.000000 0.309017 0.500000 0.809017		
0.000000 0.309017 -0.500000 0.809017	
0.000000 -0.309017 0.500000 0.809017	
0.000000 -0.309017 -0.500000 0.809017	
0.309017 0.500000 0.000000 0.809017		
0.309017 -0.500000 0.000000 0.809017	
-0.309017 0.500000 0.000000 0.809017	
-0.309017 -0.500000 0.000000 0.809017	
0.500000 0.500000 0.500000 0.500000		
0.500000 0.500000 -0.500000 0.500000	
0.500000 -0.500000 0.500000 0.500000	
0.500000 -0.500000 -0.500000 0.500000	
-0.500000 0.500000 0.500000 0.500000	
-0.500000 0.500000 -0.500000 0.500000	
-0.500000 -0.500000 0.500000 0.500000	
-0.500000 -0.500000 -0.500000 0.500000	
0.809017 0.309017 0.000000 0.500000		
0.809017 -0.309017 0.000000 0.500000	
-0.809017 0.309017 0.000000 0.500000	
-0.809017 -0.309017 0.000000 0.500000	
0.309017 0.000000 0.809017 0.500000		
0.309017 0.000000 -0.809017 0.500000	
-0.309017 0.000000 0.809017 0.500000	
-0.309017 0.000000 -0.809017 0.500000	
0.000000 0.809017 0.309017 0.500000		
0.000000 0.809017 -0.309017 0.500000	
0.000000 -0.809017 0.309017 0.500000	
0.000000 -0.809017 -0.309017 0.500000	
0.809017 0.000000 0.500000 0.309017		
0.809017 0.000000 -0.500000 0.309017	
-0.809017 0.000000 0.500000 0.309017	
-0.809017 0.000000 -0.500000 0.309017	
0.000000 0.500000 0.809017 0.309017		
0.000000 0.500000 -0.809017 0.309017	
0.000000 -0.500000 0.809017 0.309017	
0.000000 -0.500000 -0.809017 0.309017	
0.500000 0.809017 0.000000 0.309017		
0.500000 -0.809017 0.000000 0.309017	
-0.500000 0.809017 0.000000 0.309017	
-0.500000 -0.809017 0.000000 0.309017	
1.000000 0.000000 0.000000 0.000000		
-1.000000 0.000000 0.000000 0.000000	
0.000000 0.000000 1.000000 0.000000		
0.000000 0.000000 -1.000000 0.000000	
0.000000 1.000000 0.000000 0.000000		
0.000000 -1.000000 0.000000 0.000000	
0.809017 0.500000 0.309017 0.000000		
0.809017 0.500000 -0.309017 0.000000	
0.809017 -0.500000 0.309017 0.000000	
0.809017 -0.500000 -0.309017 0.000000	
0.500000 0.309017 0.809017 0.000000		
0.500000 0.309017 -0.809017 0.000000	
0.500000 -0.309017 0.809017 0.000000	
0.500000 -0.309017 -0.809017 0.000000	
0.309017 0.809017 0.500000 0.000000		
0.309017 0.809017 -0.500000 0.000000	
0.309017 -0.809017 0.500000 0.000000	
0.309017 -0.809017 -0.500000 0.000000	
-0.809017 0.500000 0.309017 0.000000	
-0.809017 0.500000 -0.309017 0.000000	
-0.809017 -0.500000 0.309017 0.000000	
-0.809017 -0.500000 -0.309017 0.000000	
-0.500000 0.309017 0.809017 0.000000	
-0.500000 0.309017 -0.809017 0.000000	
-0.500000 -0.309017 0.809017 0.000000	
-0.500000 -0.309017 -0.809017 0.000000	
-0.309017 0.809017 0.500000 0.000000	
-0.309017 0.809017 -0.500000 0.000000	
-0.309017 -0.809017 0.500000 0.000000	
-0.309017 -0.809017 -0.500000 0.000000	
0.809017 0.000000 0.500000 -0.309017	
0.809017 0.000000 -0.500000 -0.309017	
-0.809017 0.000000 0.500000 -0.309017	
-0.809017 0.000000 -0.500000 -0.309017	
0.000000 0.500000 0.809017 -0.309017	
0.000000 0.500000 -0.809017 -0.309017	
0.000000 -0.500000 0.809017 -0.309017	
0.000000 -0.500000 -0.809017 -0.309017	
0.500000 0.809017 0.000000 -0.309017	
0.500000 -0.809017 0.000000 -0.309017	
-0.500000 0.809017 0.000000 -0.309017	
-0.500000 -0.809017 0.000000 -0.309017	
0.500000 0.500000 0.500000 -0.500000	
0.500000 0.500000 -0.500000 -0.500000	
0.500000 -0.500000 0.500000 -0.500000	
0.500000 -0.500000 -0.500000 -0.500000	
-0.500000 0.500000 0.500000 -0.500000	
-0.500000 0.500000 -0.500000 -0.500000	
-0.500000 -0.500000 0.500000 -0.500000	
-0.500000 -0.500000 -0.500000 -0.500000
0.809017 0.309017 0.000000 -0.500000	
0.809017 -0.309017 0.000000 -0.500000	
-0.809017 0.309017 0.000000 -0.500000	
-0.809017 -0.309017 0.000000 -0.500000	
0.309017 0.000000 0.809017 -0.500000	
0.309017 0.000000 -0.809017 -0.500000	
-0.309017 0.000000 0.809017 -0.500000	
-0.309017 0.000000 -0.809017 -0.500000	
0.000000 0.809017 0.309017 -0.500000	
0.000000 0.809017 -0.309017 -0.500000	
0.000000 -0.809017 0.309017 -0.500000	
0.000000 -0.809017 -0.309017 -0.500000	
0.500000 0.000000 0.309017 -0.809017	
0.500000 0.000000 -0.309017 -0.809017	
-0.500000 0.000000 0.309017 -0.809017	
-0.500000 0.000000 -0.309017 -0.809017	
0.000000 0.309017 0.500000 -0.809017	
0.000000 0.309017 -0.500000 -0.809017	
0.000000 -0.309017 0.500000 -0.809017	
0.000000 -0.309017 -0.500000 -0.809017	
0.309017 0.500000 0.000000 -0.809017	
0.309017 -0.500000 0.000000 -0.809017	
-0.309017 0.500000 0.000000 -0.809017	
-0.309017 -0.500000 0.000000 -0.809017	
0.000000 0.000000 0.000000 -1.000000	
720		# Edges
0 1		 
0 2		 
0 3		 
0 4		 
0 5		 
0 6		 
0 7		 
0 8		 
0 9		 
0 10		 
0 11		 
0 12		 
1 2		 
1 5		 
1 7		 
1 9		 
1 10		 
1 13		 
1 15		 
1 21		 
1 22		 
1 25		 
1 33		 
2 6		 
2 8		 
2 9		 
2 10		 
2 14		 
2 16		 
2 21		 
2 22		 
2 26		 
2 34		 
3 4		 
3 5		 
3 7		 
3 11		 
3 12		 
3 17		 
3 19		 
3 23		 
3 24		 
3 27		 
3 35		 
4 6		 
4 8		 
4 11		 
4 12		 
4 18		 
4 20		 
4 23		 
4 24		 
4 28		 
4 36		 
5 7		 
5 9		 
5 11		 
5 13		 
5 17		 
5 25		 
5 27		 
5 29		 
5 37		 
6 8		 
6 9		 
6 11		 
6 14		 
6 18		 
6 26		 
6 28		 
6 30		 
6 38		 
7 10		 
7 12		 
7 15		 
7 19		 
7 25		 
7 27		 
7 31		 
7 39		 
8 10		 
8 12		 
8 16		 
8 20		 
8 26		 
8 28		 
8 32		 
8 40		 
9 11		 
9 13		 
9 14		 
9 21		 
9 29		 
9 30		 
9 41		 
10 12		 
10 15		 
10 16		 
10 22		 
10 31		 
10 32		 
10 42		 
11 17		 
11 18		 
11 23		 
11 29		 
11 30		 
11 43		 
12 19		 
12 20		 
12 24		 
12 31		 
12 32		 
12 44		 
13 21		 
13 25		 
13 29		 
13 33		 
13 37		 
13 41		 
13 51		 
13 55		 
13 59		 
14 21		 
14 26		 
14 30		 
14 34		 
14 38		 
14 41		 
14 52		 
14 56		 
14 60		 
15 22		 
15 25		 
15 31		 
15 33		 
15 39		 
15 42		 
15 53		 
15 57		 
15 61		 
16 22		 
16 26		 
16 32		 
16 34		 
16 40		 
16 42		 
16 54		 
16 58		 
16 62		 
17 23		 
17 27		 
17 29		 
17 35		 
17 37		 
17 43		 
17 63		 
17 67		 
17 71		 
18 23		 
18 28		 
18 30		 
18 36		 
18 38		 
18 43		 
18 64		 
18 68		 
18 72		 
19 24		 
19 27		 
19 31		 
19 35		 
19 39		 
19 44		 
19 65		 
19 69		 
19 73		 
20 24		 
20 28		 
20 32		 
20 36		 
20 40		 
20 44		 
20 66		 
20 70		 
20 74		 
21 22		 
21 33		 
21 34		 
21 41		 
21 45		 
21 51		 
21 52		 
22 33		 
22 34		 
22 42		 
22 45		 
22 53		 
22 54		 
23 24		 
23 35		 
23 36		 
23 43		 
23 46		 
23 63		 
23 64		 
24 35		 
24 36		 
24 44		 
24 46		 
24 65		 
24 66		 
25 27		 
25 33		 
25 37		 
25 39		 
25 47		 
25 55		 
25 57		 
26 28		 
26 34		 
26 38		 
26 40		 
26 48		 
26 56		 
26 58		 
27 35		 
27 37		 
27 39		 
27 47		 
27 67		 
27 69		 
28 36		 
28 38		 
28 40		 
28 48		 
28 68		 
28 70		 
29 30		 
29 37		 
29 41		 
29 43		 
29 49		 
29 59		 
29 71		 
30 38		 
30 41		 
30 43		 
30 49		 
30 60		 
30 72		 
31 32		 
31 39		 
31 42		 
31 44		 
31 50		 
31 61		 
31 73		 
32 40		 
32 42		 
32 44		 
32 50		 
32 62		 
32 74		 
33 45		 
33 51		 
33 53		 
33 55		 
33 57		 
33 75		 
34 45		 
34 52		 
34 54		 
34 56		 
34 58		 
34 76		 
35 46		 
35 63		 
35 65		 
35 67		 
35 69		 
35 77		 
36 46		 
36 64		 
36 66		 
36 68		 
36 70		 
36 78		 
37 47		 
37 55		 
37 59		 
37 67		 
37 71		 
37 79		 
38 48		 
38 56		 
38 60		 
38 68		 
38 72		 
38 80		 
39 47		 
39 57		 
39 61		 
39 69		 
39 73		 
39 81		 
40 48		 
40 58		 
40 62		 
40 70		 
40 74		 
40 82		 
41 49		 
41 51		 
41 52		 
41 59		 
41 60		 
41 83		 
42 50		 
42 53		 
42 54		 
42 61		 
42 62		 
42 84		 
43 49		 
43 63		 
43 64		 
43 71		 
43 72		 
43 85		 
44 50		 
44 65		 
44 66		 
44 73		 
44 74		 
44 86		 
45 51		 
45 52		 
45 53		 
45 54		 
45 75		 
45 76		 
45 95		 
45 96		 
46 63		 
46 64		 
46 65		 
46 66		 
46 77		 
46 78		 
46 97		 
46 98		 
47 55		 
47 57		 
47 67		 
47 69		 
47 79		 
47 81		 
47 99		 
47 101	
48 56		 
48 58		 
48 68		 
48 70		 
48 80		 
48 82		 
48 100	
48 102	
49 59		 
49 60		 
49 71		 
49 72		 
49 83		 
49 85		 
49 103	
49 104	
50 61		 
50 62		 
50 73		 
50 74		 
50 84		 
50 86		 
50 105	
50 106	
51 52		 
51 55		 
51 59		 
51 75		 
51 83		 
51 87		 
51 95		 
52 56		 
52 60		 
52 76		 
52 83		 
52 88		 
52 95		 
53 54		 
53 57		 
53 61		 
53 75		 
53 84		 
53 89		 
53 96		 
54 58		 
54 62		 
54 76		 
54 84		 
54 90		 
54 96		 
55 57		 
55 59		 
55 75		 
55 79		 
55 87		 
55 99		 
56 58		 
56 60		 
56 76		 
56 80		 
56 88		 
56 100	
57 61		 
57 75		 
57 81		 
57 89		 
57 99		 
58 62		 
58 76		 
58 82		 
58 90		 
58 100	
59 71		 
59 79		 
59 83		 
59 87		 
59 103	
60 72		 
60 80		 
60 83		 
60 88		 
60 104	
61 73		 
61 81		 
61 84		 
61 89		 
61 105	
62 74		 
62 82		 
62 84		 
62 90		 
62 106	
63 64		 
63 67		 
63 71		 
63 77		 
63 85		 
63 91		 
63 97		 
64 68		 
64 72		 
64 78		 
64 85		 
64 92		 
64 97		 
65 66		 
65 69		 
65 73		 
65 77		 
65 86		 
65 93		 
65 98		 
66 70		 
66 74		 
66 78		 
66 86		 
66 94		 
66 98		 
67 69		 
67 71		 
67 77		 
67 79		 
67 91		 
67 101	
68 70		 
68 72		 
68 78		 
68 80		 
68 92		 
68 102	
69 73		 
69 77		 
69 81		 
69 93		 
69 101	
70 74		 
70 78		 
70 82		 
70 94		 
70 102	
71 79		 
71 85		 
71 91		 
71 103	
72 80		 
72 85		 
72 92		 
72 104	
73 81		 
73 86		 
73 93		 
73 105	
74 82		 
74 86		 
74 94		 
74 106	
75 87		 
75 89		 
75 95		 
75 96		 
75 99		 
75 107	
76 88		 
76 90		 
76 95		 
76 96		 
76 100	
76 108	
77 91		 
77 93		 
77 97		 
77 98		 
77 101	
77 109	
78 92		 
78 94		 
78 97		 
78 98		 
78 102	
78 110	
79 87		 
79 91		 
79 99		 
79 101	
79 103	
79 111	
80 88		 
80 92		 
80 100	
80 102	
80 104	
80 112	
81 89		 
81 93		 
81 99		 
81 101	
81 105	
81 113	
82 90		 
82 94		 
82 100	
82 102	
82 106	
82 114	
83 87		 
83 88		 
83 95		 
83 103	
83 104	
83 115	
84 89		 
84 90		 
84 96		 
84 105	
84 106	
84 116	
85 91		 
85 92		 
85 97		 
85 103	
85 104	
85 117	
86 93		 
86 94		 
86 98		 
86 105	
86 106	
86 118	
87 95		 
87 99		 
87 103	
87 107	
87 111	
87 115	
88 95		 
88 100	
88 104	
88 108	
88 112	
88 115	
89 96		 
89 99		 
89 105	
89 107	
89 113	
89 116	
90 96		 
90 100	
90 106	
90 108	
90 114	
90 116	
91 97		 
91 101	
91 103	
91 109	
91 111	
91 117	
92 97		 
92 102	
92 104	
92 110	
92 112	
92 117	
93 98		 
93 101	
93 105	
93 109	
93 113	
93 118	
94 98		 
94 102	
94 106	
94 110	
94 114	
94 118	
95 96		 
95 107	
95 108	
95 115	
96 107	
96 108	
96 116	
97 98		 
97 109	
97 110	
97 117	
98 109	
98 110	
98 118	
99 101	
99 107	
99 111	
99 113	
100 102	
100 108	
100 112	
100 114	
101 109	
101 111	
101 113	
102 110	
102 112	
102 114	
103 104	
103 111	
103 115	
103 117	
104 112	
104 115	
104 117	
105 106	
105 113	
105 116	
105 118	
106 114	
106 116	
106 118	
107 108	
107 111	
107 113	
107 115	
107 116	
107 119	
108 112	
108 114	
108 115	
108 116	
108 119	
109 110	
109 111	
109 113	
109 117	
109 118	
109 119	
110 112	
110 114	
110 117	
110 118	
110 119	
111 113	
111 115	
111 117	
111 119	
112 114	
112 115	
112 117	
112 119	
113 116	
113 118	
113 119	
114 116	
114 118	
114 119	
115 117	
115 119	
116 118	
116 119	
117 119	
118 119	
1200		# Faces
0 1 12		 
0 4 13		 
0 6 14		 
0 8 15		 
0 9 16		 
1 5 23		 
1 7 24		 
1 8 25		 
1 9 26		 
2 3 33		 
2 4 34		 
2 6 35		 
2 10 36		 
2 11 37		 
3 5 44		 
3 7 45		 
3 10 46		 
3 11 47		 
4 6 54		 
4 8 55		 
4 10 56		 
5 7 63		 
5 8 64		 
5 10 65		 
6 9 72		 
6 11 73		 
7 9 80		 
7 11 81		 
8 10 88		 
9 11 95		 
12 15 25		 
12 16 26		 
12 19 29		 
12 20 30		 
13 14 54		 
13 15 55		 
13 17 57		 
13 21 59		 
14 16 72		 
14 18 74		 
14 21 76		 
15 17 89		 
15 19 91		 
16 18 96		 
16 20 98		 
17 19 114	
17 21 115	
17 22 117	
18 20 132	
18 21 133	
18 22 135	
19 20 186	
19 22 187	
20 22 193	
21 22 213	
23 24 63		 
23 25 64		 
23 27 66		 
23 31 68		 
24 26 80		 
24 28 82		 
24 31 84		 
25 27 90		 
25 29 91		 
26 28 97		 
26 30 98		 
27 29 123	
27 31 124	
27 32 126	
28 30 141	
28 31 142	
28 32 144	
29 30 186	
29 32 188	
30 32 194	
31 32 220	
33 36 46		 
33 37 47		 
33 40 50		 
33 41 51		 
34 35 54		 
34 36 56		 
34 38 58		 
34 42 60		 
35 37 73		 
35 39 75		 
35 42 77		 
36 38 102	
36 40 104	
37 39 108	
37 41 110	
38 40 150	
38 42 151	
38 43 153	
39 41 168	
39 42 169	
39 43 171	
40 41 199	
40 43 200	
41 43 206	
42 43 226	
44 45 63		 
44 46 65		 
44 48 67		 
44 52 69		 
45 47 81		 
45 49 83		 
45 52 85		 
46 48 103	
46 50 104	
47 49 109	
47 51 110	
48 50 159	
48 52 160	
48 53 162	
49 51 177	
49 52 178	
49 53 180	
50 51 199	
50 53 201	
51 53 207	
52 53 232	
54 59 76		 
54 60 77		 
55 56 88		 
55 57 89		 
55 61 92		 
56 58 102	
56 61 105	
57 59 115	
57 61 116	
57 62 118	
58 60 151	
58 61 152	
58 62 154	
59 60 212	
59 62 214	
60 62 227	
61 62 239	
63 68 84		 
63 69 85		 
64 65 88		 
64 66 90		 
64 70 93		 
65 67 103	
65 70 106	
66 68 124	
66 70 125	
66 71 127	
67 69 160	
67 70 161	
67 71 163	
68 69 219	
68 71 221	
69 71 233	
70 71 245	
72 73 95		 
72 74 96		 
72 78 99		 
73 75 108	
73 78 111	
74 76 133	
74 78 134	
74 79 136	
75 77 169	
75 78 170	
75 79 172	
76 77 212	
76 79 215	
77 79 228	
78 79 252	
80 81 95		 
80 82 97		 
80 86 100	
81 83 109	
81 86 112	
82 84 142	
82 86 143	
82 87 145	
83 85 178	
83 86 179	
83 87 181	
84 85 219	
84 87 222	
85 87 234	
86 87 258	
88 92 105	
88 93 106	
89 91 114	
89 92 116	
89 94 119	
90 91 123	
90 93 125	
90 94 128	
91 94 189	
92 93 238	
92 94 240	
93 94 246	
95 99 111	
95 100 112	
96 98 132	
96 99 134	
96 101 137	
97 98 141	
97 100 143	
97 101 146	
98 101 195	
99 100 251	
99 101 253	
100 101 259	
102 104 150	
102 105 152	
102 107 155	
103 104 159	
103 106 161	
103 107 164	
104 107 202	
105 106 238	
105 107 241	
106 107 247	
108 110 168	
108 111 170	
108 113 173	
109 110 177	
109 112 179	
109 113 182	
110 113 208	
111 112 251	
111 113 254	
112 113 260	
114 117 187	
114 119 189	
114 120 191	
115 117 213	
115 118 214	
115 121 217	
116 118 239	
116 119 240	
116 122 243	
117 120 265	
117 121 267	
118 121 289	
118 122 290	
119 120 313	
119 122 315	
120 121 385	
120 122 386	
121 122 411	
123 126 188	
123 128 189	
123 129 192	
124 126 220	
124 127 221	
124 130 224	
125 127 245	
125 128 246	
125 131 249	
126 129 271	
126 130 273	
127 130 295	
127 131 296	
128 129 314	
128 131 316	
129 130 391	
129 131 392	
130 131 417	
132 135 193	
132 137 195	
132 138 197	
133 135 213	
133 136 215	
133 139 218	
134 136 252	
134 137 253	
134 140 256	
135 138 266	
135 139 268	
136 139 301	
136 140 302	
137 138 319	
137 140 321	
138 139 398	
138 140 399	
139 140 422	
141 144 194	
141 146 195	
141 147 198	
142 144 220	
142 145 222	
142 148 225	
143 145 258	
143 146 259	
143 149 262	
144 147 272	
144 148 274	
145 148 307	
145 149 308	
146 147 320	
146 149 322	
147 148 404	
147 149 405	
148 149 427	
150 153 200	
150 155 202	
150 156 204	
151 153 226	
151 154 227	
151 157 230	
152 154 239	
152 155 241	
152 158 244	
153 156 277	
153 157 279	
154 157 291	
154 158 292	
155 156 325	
155 158 327	
156 157 453	
156 158 454	
157 158 479	
159 162 201	
159 164 202	
159 165 205	
160 162 232	
160 163 233	
160 166 236	
161 163 245	
161 164 247	
161 167 250	
162 165 283	
162 166 285	
163 166 297	
163 167 298	
164 165 326	
164 167 328	
165 166 459	
165 167 460	
166 167 485	
168 171 206	
168 173 208	
168 174 210	
169 171 226	
169 172 228	
169 175 231	
170 172 252	
170 173 254	
170 176 257	
171 174 278	
171 175 280	
172 175 303	
172 176 304	
173 174 331	
173 176 333	
174 175 466	
174 176 467	
175 176 490	
177 180 207	
177 182 208	
177 183 211	
178 180 232	
178 181 234	
178 184 237	
179 181 258	
179 182 260	
179 185 263	
180 183 284	
180 184 286	
181 184 309	
181 185 310	
182 183 332	
182 185 334	
183 184 472	
183 185 473	
184 185 495	
186 187 193	
186 188 194	
186 190 196	
187 190 264	
187 191 265	
188 190 270	
188 192 271	
189 191 313	
189 192 314	
190 191 336	
190 192 337	
191 192 384	
193 196 264	
193 197 266	
194 196 270	
194 198 272	
195 197 319	
195 198 320	
196 197 338	
196 198 339	
197 198 397	
199 200 206	
199 201 207	
199 203 209	
200 203 276	
200 204 277	
201 203 282	
201 205 283	
202 204 325	
202 205 326	
203 204 344	
203 205 345	
204 205 452	
206 209 276	
206 210 278	
207 209 282	
207 211 284	
208 210 331	
208 211 332	
209 210 346	
209 211 347	
210 211 465	
212 214 227	
212 215 228	
212 216 229	
213 217 267	
213 218 268	
214 216 288	
214 217 289	
215 216 300	
215 218 301	
216 217 352	
216 218 353	
217 218 410	
219 221 233	
219 222 234	
219 223 235	
220 224 273	
220 225 274	
221 223 294	
221 224 295	
222 223 306	
222 225 307	
223 224 360	
223 225 361	
224 225 416	
226 230 279	
226 231 280	
227 229 288	
227 230 291	
228 229 300	
228 231 303	
229 230 354	
229 231 355	
230 231 478	
232 236 285	
232 237 286	
233 235 294	
233 236 297	
234 235 306	
234 237 309	
235 236 362	
235 237 363	
236 237 484	
238 240 246	
238 241 247	
238 242 248	
239 243 290	
239 244 292	
240 242 312	
240 243 315	
241 242 324	
241 244 327	
242 243 368	
242 244 370	
243 244 432	
245 249 296	
245 250 298	
246 248 312	
246 249 316	
247 248 324	
247 250 328	
248 249 369	
248 250 371	
249 250 437	
251 253 259	
251 254 260	
251 255 261	
252 256 302	
252 257 304	
253 255 318	
253 256 321	
254 255 330	
254 257 333	
255 256 376	
255 257 378	
256 257 442	
258 262 308	
258 263 310	
259 261 318	
259 262 322	
260 261 330	
260 263 334	
261 262 377	
261 263 379	
262 263 447	
264 265 336	
264 266 338	
264 269 340	
265 267 385	
265 269 387	
266 268 398	
266 269 400	
267 268 410	
267 269 412	
268 269 423	
270 271 337	
270 272 339	
270 275 341	
271 273 391	
271 275 393	
272 274 404	
272 275 406	
273 274 416	
273 275 418	
274 275 428	
276 277 344	
276 278 346	
276 281 348	
277 279 453	
277 281 455	
278 280 466	
278 281 468	
279 280 478	
279 281 480	
280 281 491	
282 283 345	
282 284 347	
282 287 349	
283 285 459	
283 287 461	
284 286 472	
284 287 474	
285 286 484	
285 287 486	
286 287 496	
288 289 352	
288 291 354	
288 293 356	
289 290 411	
289 293 413	
290 292 432	
290 293 433	
291 292 479	
291 293 481	
292 293 500	
294 295 360	
294 297 362	
294 299 364	
295 296 417	
295 299 419	
296 298 437	
296 299 438	
297 298 485	
297 299 487	
298 299 504	
300 301 353	
300 303 355	
300 305 357	
301 302 422	
301 305 424	
302 304 442	
302 305 443	
303 304 490	
303 305 492	
304 305 508	
306 307 361	
306 309 363	
306 311 365	
307 308 427	
307 311 429	
308 310 447	
308 311 448	
309 310 495	
309 311 497	
310 311 512	
312 315 368	
312 316 369	
312 317 372	
313 314 384	
313 315 386	
313 317 388	
314 316 392	
314 317 394	
315 317 434	
316 317 439	
318 321 376	
318 322 377	
318 323 380	
319 320 397	
319 321 399	
319 323 401	
320 322 405	
320 323 407	
321 323 444	
322 323 449	
324 327 370	
324 328 371	
324 329 373	
325 326 452	
325 327 454	
325 329 456	
326 328 460	
326 329 462	
327 329 501	
328 329 505	
330 333 378	
330 334 379	
330 335 381	
331 332 465	
331 333 467	
331 335 469	
332 334 473	
332 335 475	
333 335 509	
334 335 513	
336 337 384	
336 340 387	
336 342 390	
337 341 393	
337 342 396	
338 339 397	
338 340 400	
338 343 403	
339 341 406	
339 343 409	
340 342 518	
340 343 519	
341 342 524	
341 343 525	
342 343 636	
344 345 452	
344 348 455	
344 350 458	
345 349 461	
345 350 464	
346 347 465	
346 348 468	
346 351 471	
347 349 474	
347 351 477	
348 350 530	
348 351 531	
349 350 536	
349 351 537	
350 351 643	
352 353 410	
352 356 413	
352 358 415	
353 357 424	
353 358 426	
354 355 478	
354 356 481	
354 359 483	
355 357 492	
355 359 494	
356 358 542	
356 359 543	
357 358 554	
357 359 555	
358 359 650	
360 361 416	
360 364 419	
360 366 421	
361 365 429	
361 366 431	
362 363 484	
362 364 487	
362 367 489	
363 365 497	
363 367 499	
364 366 548	
364 367 549	
365 366 560	
365 367 561	
366 367 654	
368 370 432	
368 372 434	
368 374 436	
369 371 437	
369 372 439	
369 375 441	
370 373 501	
370 374 503	
371 373 505	
371 375 507	
372 374 567	
372 375 568	
373 374 579	
373 375 580	
374 375 664	
376 378 442	
376 380 444	
376 382 446	
377 379 447	
377 380 449	
377 383 451	
378 381 509	
378 382 511	
379 381 513	
379 383 515	
380 382 573	
380 383 574	
381 382 585	
381 383 586	
382 383 671	
384 388 394	
384 390 396	
385 386 411	
385 387 412	
385 389 414	
386 388 434	
386 389 435	
387 389 516	
387 390 518	
388 389 564	
388 390 566	
389 390 588	
391 392 417	
391 393 418	
391 395 420	
392 394 439	
392 395 440	
393 395 522	
393 396 524	
394 395 565	
394 396 566	
395 396 594	
397 401 407	
397 403 409	
398 399 422	
398 400 423	
398 402 425	
399 401 444	
399 402 445	
400 402 517	
400 403 519	
401 402 570	
401 403 572	
402 403 600	
404 405 427	
404 406 428	
404 408 430	
405 407 449	
405 408 450	
406 408 523	
406 409 525	
407 408 571	
407 409 572	
408 409 606	
410 412 423	
410 415 426	
411 413 433	
411 414 435	
412 414 516	
412 415 520	
413 414 540	
413 415 542	
414 415 589	
416 418 428	
416 421 431	
417 419 438	
417 420 440	
418 420 522	
418 421 526	
419 420 546	
419 421 548	
420 421 595	
422 424 443	
422 425 445	
423 425 517	
423 426 520	
424 425 552	
424 426 554	
425 426 601	
427 429 448	
427 430 450	
428 430 523	
428 431 526	
429 430 558	
429 431 560	
430 431 607	
432 433 500	
432 436 503	
433 435 540	
433 436 544	
434 435 564	
434 436 567	
435 436 590	
437 438 504	
437 441 507	
438 440 546	
438 441 550	
439 440 565	
439 441 568	
440 441 596	
442 443 508	
442 446 511	
443 445 552	
443 446 556	
444 445 570	
444 446 573	
445 446 602	
447 448 512	
447 451 515	
448 450 558	
448 451 562	
449 450 571	
449 451 574	
450 451 608	
452 456 462	
452 458 464	
453 454 479	
453 455 480	
453 457 482	
454 456 501	
454 457 502	
455 457 528	
455 458 530	
456 457 576	
456 458 578	
457 458 612	
459 460 485	
459 461 486	
459 463 488	
460 462 505	
460 463 506	
461 463 534	
461 464 536	
462 463 577	
462 464 578	
463 464 618	
465 469 475	
465 471 477	
466 467 490	
466 468 491	
466 470 493	
467 469 509	
467 470 510	
468 470 529	
468 471 531	
469 470 582	
469 471 584	
470 471 624	
472 473 495	
472 474 496	
472 476 498	
473 475 513	
473 476 514	
474 476 535	
474 477 537	
475 476 583	
475 477 584	
476 477 630	
478 480 491	
478 483 494	
479 481 500	
479 482 502	
480 482 528	
480 483 532	
481 482 541	
481 483 543	
482 483 613	
484 486 496	
484 489 499	
485 487 504	
485 488 506	
486 488 534	
486 489 538	
487 488 547	
487 489 549	
488 489 619	
490 492 508	
490 493 510	
491 493 529	
491 494 532	
492 493 553	
492 494 555	
493 494 625	
495 497 512	
495 498 514	
496 498 535	
496 499 538	
497 498 559	
497 499 561	
498 499 631	
500 502 541	
500 503 544	
501 502 576	
501 503 579	
502 503 614	
504 506 547	
504 507 550	
505 506 577	
505 507 580	
506 507 620	
508 510 553	
508 511 556	
509 510 582	
509 511 585	
510 511 626	
512 514 559	
512 515 562	
513 514 583	
513 515 586	
514 515 632	
516 518 588	
516 520 589	
516 521 591	
517 519 600	
517 520 601	
517 521 603	
518 519 636	
518 521 637	
519 521 640	
520 521 651	
522 524 594	
522 526 595	
522 527 597	
523 525 606	
523 526 607	
523 527 609	
524 525 636	
524 527 638	
525 527 641	
526 527 655	
528 530 612	
528 532 613	
528 533 615	
529 531 624	
529 532 625	
529 533 627	
530 531 643	
530 533 644	
531 533 647	
532 533 658	
534 536 618	
534 538 619	
534 539 621	
535 537 630	
535 538 631	
535 539 633	
536 537 643	
536 539 645	
537 539 648	
538 539 661	
540 542 589	
540 544 590	
540 545 592	
541 543 613	
541 544 614	
541 545 616	
542 543 650	
542 545 652	
543 545 659	
544 545 665	
546 548 595	
546 550 596	
546 551 598	
547 549 619	
547 550 620	
547 551 622	
548 549 654	
548 551 656	
549 551 662	
550 551 668	
552 554 601	
552 556 602	
552 557 604	
553 555 625	
553 556 626	
553 557 628	
554 555 650	
554 557 653	
555 557 660	
556 557 672	
558 560 607	
558 562 608	
558 563 610	
559 561 631	
559 562 632	
559 563 634	
560 561 654	
560 563 657	
561 563 663	
562 563 675	
564 566 588	
564 567 590	
564 569 593	
565 566 594	
565 568 596	
565 569 599	
566 569 639	
567 568 664	
567 569 666	
568 569 669	
570 572 600	
570 573 602	
570 575 605	
571 572 606	
571 574 608	
571 575 611	
572 575 642	
573 574 671	
573 575 673	
574 575 676	
576 578 612	
576 579 614	
576 581 617	
577 578 618	
577 580 620	
577 581 623	
578 581 646	
579 580 664	
579 581 667	
580 581 670	
582 584 624	
582 585 626	
582 587 629	
583 584 630	
583 586 632	
583 587 635	
584 587 649	
585 586 671	
585 587 674	
586 587 677	
588 591 637	
588 593 639	
589 591 651	
589 592 652	
590 592 665	
590 593 666	
591 592 679	
591 593 681	
592 593 701	
594 597 638	
594 599 639	
595 597 655	
595 598 656	
596 598 668	
596 599 669	
597 598 684	
597 599 686	
598 599 705	
600 603 640	
600 605 642	
601 603 651	
601 604 653	
602 604 672	
602 605 673	
603 604 680	
603 605 682	
604 605 708	
606 609 641	
606 611 642	
607 609 655	
607 610 657	
608 610 675	
608 611 676	
609 610 685	
609 611 687	
610 611 711	
612 615 644	
612 617 646	
613 615 658	
613 616 659	
614 616 665	
614 617 667	
615 616 690	
615 617 692	
616 617 702	
618 621 645	
618 623 646	
619 621 661	
619 622 662	
620 622 668	
620 623 670	
621 622 695	
621 623 697	
622 623 706	
624 627 647	
624 629 649	
625 627 658	
625 628 660	
626 628 672	
626 629 674	
627 628 691	
627 629 693	
628 629 709	
630 633 648	
630 635 649	
631 633 661	
631 634 663	
632 634 675	
632 635 677	
633 634 696	
633 635 698	
634 635 712	
636 637 640	
636 638 641	
637 638 678	
637 639 681	
638 639 686	
640 641 678	
640 642 682	
641 642 687	
643 644 647	
643 645 648	
644 645 689	
644 646 692	
645 646 697	
647 648 689	
647 649 693	
648 649 698	
650 652 659	
650 653 660	
651 652 679	
651 653 680	
652 653 700	
654 656 662	
654 657 663	
655 656 684	
655 657 685	
656 657 704	
658 659 690	
658 660 691	
659 660 700	
661 662 695	
661 663 696	
662 663 704	
664 666 669	
664 667 670	
665 666 701	
665 667 702	
666 667 714	
668 669 705	
668 670 706	
669 670 714	
671 673 676	
671 674 677	
672 673 708	
672 674 709	
673 674 716	
675 676 711	
675 677 712	
676 677 716	
678 681 686	
678 682 687	
678 683 688	
679 680 700	
679 681 701	
679 683 703	
680 682 708	
680 683 710	
681 683 715	
682 683 717	
684 685 704	
684 686 705	
684 688 707	
685 687 711	
685 688 713	
686 688 715	
687 688 717	
689 692 697	
689 693 698	
689 694 699	
690 691 700	
690 692 702	
690 694 703	
691 693 709	
691 694 710	
692 694 718	
693 694 719	
695 696 704	
695 697 706	
695 699 707	
696 698 712	
696 699 713	
697 699 718	
698 699 719	
700 703 710	
701 702 714	
701 703 715	
702 703 718	
704 707 713	
705 706 714	
705 707 715	
706 707 718	
708 709 716	
708 710 717	
709 710 719	
711 712 716	
711 713 717	
712 713 719	
714 715 718	
716 717 719	
600		# Cells
0 3 7 30		 
0 4 8 31		 
1 2 18 34	
1 3 19 35	
2 4 24 38	
5 6 21 55	
5 7 22 56	
6 8 26 59	
9 12 16 76	
9 13 17 77	
10 11 18 80	
10 12 20 81	
11 13 25 84	
14 15 21 101	
14 16 23 102	
15 17 27 105	
19 20 28 124	
22 23 28 141	
24 25 29 156	
26 27 29 171	
30 32 42 63		
31 33 44 65		
32 33 51 72		
34 37 40 122	
35 36 41 125	
36 37 46 129	
38 39 43 157	
39 40 49 161	
41 42 45 188	
43 44 48 200	
45 47 52 230	
46 47 54 233	
48 50 53 266	
49 50 54 269	
51 52 53 374		 
55 58 61 139		 
56 57 62 142		 
57 58 67 146		 
59 60 64 172		 
60 61 70 176		 
62 63 66 191		 
64 65 69 203		 
66 68 73 248		 
67 68 75 251		 
69 71 74 284		 
70 71 75 287		 
72 73 74 375		 
76 78 88 109		 
77 79 90 111		 
78 79 97 118		 
80 83 86 123		 
81 82 87 127		 
82 83 92 132		 
84 85 89 159		 
85 86 95 164		 
87 88 91 210		 
89 90 94 220		 
91 93 98 302		 
92 93 100 305		 
94 96 99 338		 
95 96 100 341		 
97 98 99 395		 
101 104 107 140	
102 103 108 144	
103 104 113 149	
105 106 110 174	
106 107 116 179	
108 109 112 213	
110 111 115 223	
112 114 119 320	
113 114 121 323	
115 117 120 356	
116 117 121 359	
118 119 120 396	
122 123 135 167	
124 126 128 186	
125 126 130 189	
127 128 133 211	
129 131 136 234	
130 131 138 236	
132 134 137 306	
133 134 138 308	
135 136 137 416	
139 140 152 182	
141 143 145 187	
142 143 147 192	
144 145 150 214	
146 148 153 252	
147 148 155 254	
149 151 154 324	
150 151 155 326	
152 153 154 428	
156 158 160 198	
157 158 162 201	
159 160 165 221	
161 163 168 270	
162 163 170 272	
164 166 169 342	
165 166 170 344	
167 168 169 417	
171 173 175 199	
172 173 177 204	
174 175 180 224	
176 178 183 288	
177 178 185 290	
179 181 184 360	
180 181 185 362	
182 183 184 429	
186 187 195 217	
188 190 194 231	
189 190 196 237	
191 193 194 249	
192 193 197 255	
195 196 197 458	
198 199 207 227	
200 202 206 267	
201 202 208 273	
203 205 206 285	
204 205 209 291	
207 208 209 479	
210 212 216 303	
211 212 218 309	
213 215 216 321	
214 215 219 327	
217 218 219 459	
220 222 226 339	
221 222 228 345	
223 225 226 357	
224 225 229 363	
227 228 229 480	
230 232 239 378	
231 232 243 381	
233 235 240 419	
234 235 241 422	
236 238 242 461	
237 238 244 464	
239 240 245 503	
241 242 247 543	
243 244 246 584	
245 246 247 712	
248 250 257 380	
249 250 261 382	
251 253 258 431	
252 253 259 434	
254 256 260 470	
255 256 262 473	
257 258 263 513	
259 260 265 553	
261 262 264 586	
263 264 265 722	
266 268 275 387	
267 268 279 390	
269 271 276 420	
270 271 277 424	
272 274 278 482	
273 274 280 485	
275 276 281 505	
277 278 283 563	
279 280 282 594	
281 282 283 734	
284 286 293 389	
285 286 297 391	
287 289 294 432	
288 289 295 436	
290 292 296 491	
291 292 298 494	
293 294 299 515	
295 296 301 573	
297 298 300 596	
299 300 301 744	
302 304 311 399	
303 304 315 402	
305 307 312 440	
306 307 313 443	
308 310 314 462	
309 310 316 466	
311 312 317 523	
313 314 319 547	
315 316 318 604	
317 318 319 816	
320 322 329 401	
321 322 333 403	
323 325 330 449	
324 325 331 452	
326 328 332 471	
327 328 334 475	
329 330 335 533	
331 332 337 557	
333 334 336 606	
335 336 337 826	
338 340 347 408	
339 340 351 411	
341 343 348 441	
342 343 349 445	
344 346 350 483	
345 346 352 487	
347 348 353 525	
349 350 355 567	
351 352 354 614	
353 354 355 838	
356 358 365 410	
357 358 369 412	
359 361 366 450	
360 361 367 454	
362 364 368 492	
363 364 370 496	
365 366 371 535	
367 368 373 577	
369 370 372 616	
371 372 373 848	
374 376 377 386	
375 376 379 388	
377 378 383 500	
379 380 384 510	
381 382 385 583	
383 384 385 620	
386 387 392 501	
388 389 393 511	
390 391 394 593	
392 393 394 625	
395 397 398 407	
396 397 400 409	
398 399 404 520	
400 401 405 530	
402 403 406 603	
404 405 406 635	
407 408 413 521	
409 410 414 531	
411 412 415 613	
413 414 415 640	
416 418 421 442	
417 418 423 444	
419 420 427 507	
421 422 425 540	
423 424 426 560	
425 426 427 650	
428 430 433 451	
429 430 435 453	
431 432 439 517	
433 434 437 550	
435 436 438 570	
437 438 439 665	
440 441 448 527	
442 443 446 541	
444 445 447 561	
446 447 448 655	
449 450 457 537	
451 452 455 551	
453 454 456 571	
455 456 457 670	
458 460 463 472	
459 460 465 474	
461 462 469 545	
463 464 467 580	
465 466 468 600	
467 468 469 680	
470 471 478 555	
472 473 476 581	
474 475 477 601	
476 477 478 683	
479 481 484 493	
480 481 486 495	
482 483 490 565	
484 485 488 590	
486 487 489 610	
488 489 490 695	
491 492 499 575	
493 494 497 591	
495 496 498 611	
497 498 499 698	
500 502 504 621	
501 502 506 626	
503 504 508 713	
505 506 509 735	
507 508 509 754	
510 512 514 623	
511 512 516 628	
513 514 518 723	
515 516 519 745	
517 518 519 763	
520 522 524 636	
521 522 526 641	
523 524 528 817	
525 526 529 839	
527 528 529 858	
530 532 534 638	
531 532 536 643	
533 534 538 827	
535 536 539 849	
537 538 539 867	
540 542 544 651	
541 542 548 656	
543 544 546 756	
545 546 549 786	
547 548 549 860	
550 552 554 666	
551 552 558 671	
553 554 556 765	
555 556 559 793	
557 558 559 869	
560 562 564 653	
561 562 568 658	
563 564 566 772	
565 566 569 800	
567 568 569 876	
570 572 574 668	
571 572 578 673	
573 574 576 779	
575 576 579 807	
577 578 579 883	
580 582 588 681	
581 582 589 684	
583 585 587 710	
584 585 588 715	
586 587 589 725	
590 592 598 696	
591 592 599 699	
593 595 597 732	
594 595 598 737	
596 597 599 747	
600 602 608 686	
601 602 609 688	
603 605 607 814	
604 605 608 819	
606 607 609 829	
610 612 618 701	
611 612 619 703	
613 615 617 836	
614 615 618 841	
616 617 619 851	
620 622 624 711	
621 622 630 718	
623 624 632 728	
625 627 629 733	
626 627 631 740	
628 629 633 750	
630 631 634 916	
632 633 634 926	
635 637 639 815	
636 637 645 822	
638 639 647 832	
640 642 644 837	
641 642 646 844	
643 644 648 854	
645 646 649 936	
647 648 649 946	
650 652 654 755	
651 652 660 761	
653 654 662 777	
655 657 659 859	
656 657 661 865	
658 659 663 881	
660 661 664 956	
662 663 664 976	
665 667 669 764	
666 667 675 770	
668 669 677 784	
670 672 674 868	
671 672 676 874	
673 674 678 888	
675 676 679 966	
677 678 679 986	
680 682 687 787	
681 682 690 791	
683 685 689 794	
684 685 691 798	
686 687 692 893	
688 689 693 898	
690 691 694 997	
692 693 694 1017	
695 697 702 801	
696 697 705 805	
698 700 704 808	
699 700 706 812	
701 702 707 903	
703 704 708 908	
705 706 709 1007	
707 708 709 1027	
710 711 720 730	
712 714 716 757	
713 714 717 758	
715 716 719 790	
717 718 721 910	
719 720 721 990	
722 724 726 766	
723 724 727 767	
725 726 729 797	
727 728 731 920	
729 730 731 993	
732 733 742 752	
734 736 738 773	
735 736 739 774	
737 738 741 804	
739 740 743 913	
741 742 743 1000	
744 746 748 780	
745 746 749 781	
747 748 751 811	
749 750 753 923	
751 752 753 1003	
754 755 759 775	
756 757 760 788	
758 759 762 911	
760 761 762 950	
763 764 768 782	
765 766 769 795	
767 768 771 921	
769 770 771 960	
772 773 776 802	
774 775 778 914	
776 777 778 970	
779 780 783 809	
781 782 785 924	
783 784 785 980	
786 787 789 891	
788 789 792 951	
790 791 792 991	
793 794 796 896	
795 796 799 961	
797 798 799 994	
800 801 803 901	
802 803 806 971	
804 805 806 1001	
807 808 810 906	
809 810 813 981	
811 812 813 1004	
814 815 824 834	
816 818 820 861	
817 818 821 862	
819 820 823 892	
821 822 825 930	
823 824 825 1010	
826 828 830 870	
827 828 831 871	
829 830 833 897	
831 832 835 940	
833 834 835 1013	
836 837 846 856	
838 840 842 877	
839 840 843 878	
841 842 845 902	
843 844 847 933	
845 846 847 1020	
848 850 852 884	
849 850 853 885	
851 852 855 907	
853 854 857 943	
855 856 857 1023	
858 859 863 879	
860 861 864 890	
862 863 866 931	
864 865 866 953	
867 868 872 886	
869 870 873 895	
871 872 875 941	
873 874 875 963	
876 877 880 900	
878 879 882 934	
880 881 882 973	
883 884 887 905	
885 886 889 944	
887 888 889 983	
890 891 894 954	
892 893 894 1011	
895 896 899 964	
897 898 899 1014	
900 901 904 974	
902 903 904 1021	
905 906 909 984	
907 908 909 1024	
910 912 917 1030	
911 912 919 1032	
913 915 918 1048	
914 915 919 1050	
916 917 918 1102	
920 922 927 1039	
921 922 929 1041	
923 925 928 1057	
924 925 929 1059	
926 927 928 1103	
930 932 937 1066	
931 932 939 1068	
933 935 938 1084	
934 935 939 1086	
936 937 938 1110	
940 942 947 1075	
941 942 949 1077	
943 945 948 1093	
944 945 949 1095	
946 947 948 1111	
950 952 957 1033	
951 952 959 1034	
953 955 958 1069	
954 955 959 1070	
956 957 958 1118	
960 962 967 1042	
961 962 969 1043	
963 965 968 1078	
964 965 969 1079	
966 967 968 1123	
970 972 977 1051	
971 972 979 1052	
973 975 978 1087	
974 975 979 1088	
976 977 978 1119	
980 982 987 1060	
981 982 989 1061	
983 985 988 1096	
984 985 989 1097	
986 987 988 1124	
990 992 996 1031	
991 992 998 1035	
993 995 996 1040	
994 995 999 1044	
997 998 999 1134	
1000 1002 1006 1049
1001 1002 1008 1053
1003 1005 1006 1058
1004 1005 1009 1062
1007 1008 1009 1142
1010 1012 1016 1067
1011 1012 1018 1071
1013 1015 1016 1076
1014 1015 1019 1080
1017 1018 1019 1135
1020 1022 1026 1085
1021 1022 1028 1089
1023 1025 1026 1094
1024 1025 1029 1098
1027 1028 1029 1143
1030 1031 1037 1105
1032 1033 1036 1120
1034 1035 1038 1136
1036 1037 1038 1154
1039 1040 1046 1106
1041 1042 1045 1125
1043 1044 1047 1139
1045 1046 1047 1161
1048 1049 1055 1108
1050 1051 1054 1121
1052 1053 1056 1144
1054 1055 1056 1156
1057 1058 1064 1109
1059 1060 1063 1126
1061 1062 1065 1147
1063 1064 1065 1163
1066 1067 1073 1113
1068 1069 1072 1128
1070 1071 1074 1137
1072 1073 1074 1171
1075 1076 1082 1114
1077 1078 1081 1131
1079 1080 1083 1140
1081 1082 1083 1178
1084 1085 1091 1116
1086 1087 1090 1129
1088 1089 1092 1145
1090 1091 1092 1173
1093 1094 1100 1117
1095 1096 1099 1132
1097 1098 1101 1148
1099 1100 1101 1180
1102 1103 1104 1107
1104 1105 1106 1150
1107 1108 1109 1151
1110 1111 1112 1115
1112 1113 1114 1167
1115 1116 1117 1168
1118 1119 1122 1130
1120 1121 1122 1153
1123 1124 1127 1133
1125 1126 1127 1160
1128 1129 1130 1170
1131 1132 1133 1177
1134 1135 1138 1141
1136 1137 1138 1185
1139 1140 1141 1189
1142 1143 1146 1149
1144 1145 1146 1192
1147 1148 1149 1195
1150 1152 1158 1165
1151 1152 1159 1166
1153 1155 1157 1184
1154 1155 1158 1186
1156 1157 1159 1193
1160 1162 1164 1188
1161 1162 1165 1190
1163 1164 1166 1196
1167 1169 1175 1182
1168 1169 1176 1183
1170 1172 1174 1184
1171 1172 1175 1187
1173 1174 1176 1194
1177 1179 1181 1188
1178 1179 1182 1191
1180 1181 1183 1197
1185 1186 1187 1198
1189 1190 1191 1198
1192 1193 1194 1199
1195 1196 1197 1199

