64
-0.828428	2	2	2
0.828428	2	2	2
2	-0.828428	2	2
2	0.828428	2	2
2	2	-0.828428	2
2	2	0.828428	2
2	2	2	-0.828428
2	2	2	0.828428
-2	-0.828428	2	2
-2	0.828428	2	2
-2	2	-0.828428	2
-2	2	0.828428	2
-2	2	2	-0.828428
-2	2	2	0.828428
-0.828428	-2	2	2
0.828428	-2	2	2
2	-2	-0.828428	2
2	-2	0.828428	2
2	-2	2	-0.828428
2	-2	2	0.828428
-2	-2	-0.828428	2
-2	-2	0.828428	2
-2	-2	2	-0.828428
-2	-2	2	0.828428
-0.828428	2	-2	2
0.828428	2	-2	2
2	-0.828428	-2	2
2	0.828428	-2	2
2	2	-2	-0.828428
2	2	-2	0.828428
-2	-0.828428	-2	2
-2	0.828428	-2	2
-2	2	-2	-0.828428
-2	2	-2	0.828428
-0.828428	-2	-2	2
0.828428	-2	-2	2
2	-2	-2	-0.828428
2	-2	-2	0.828428
-2	-2	-2	-0.828428
-2	-2	-2	0.828428
-0.828428	2	2	-2
0.828428	2	2	-2
2	-0.828428	2	-2
2	0.828428	2	-2
2	2	-0.828428	-2
2	2	0.828428	-2
-2	-0.828428	2	-2
-2	0.828428	2	-2
-2	2	-0.828428	-2
-2	2	0.828428	-2
-0.828428	-2	2	-2
0.828428	-2	2	-2
2	-2	-0.828428	-2
2	-2	0.828428	-2
-2	-2	-0.828428	-2
-2	-2	0.828428	-2
-0.828428	2	-2	-2
0.828428	2	-2	-2
2	-0.828428	-2	-2
2	0.828428	-2	-2
-2	-0.828428	-2	-2
-2	0.828428	-2	-2
-0.828428	-2	-2	-2
0.828428	-2	-2	-2
128
20	39
39	38
38	54
54	55
55	22
22	23
23	21
21	20
30	39
38	60
60	61
61	32
32	33
33	31
31	30
46	55
54	60
61	48
48	49
49	47
47	46
10	33
32	48
49	12
12	13
13	11
11	10
8	23
22	46
47	12
13	9
9	8
8	21
20	30
31	10
11	9
34	39
38	62
62	63
63	36
36	37
37	35
35	34
50	55
54	62
63	52
52	53
53	51
51	50
16	37
36	52
53	18
18	19
19	17
17	16
14	23
22	50
51	18
19	15
15	14
14	21
20	34
35	16
17	15
56	61
60	62
63	58
58	59
59	57
57	56
26	37
36	58
59	28
28	29
29	27
27	26
24	33
32	56
57	28
29	25
25	24
24	31
30	34
35	26
27	25
42	53
52	58
59	44
44	45
45	43
43	42
40	49
48	56
57	44
45	41
41	40
40	47
46	50
51	42
43	41
4	29
28	44
45	6
6	7
7	5
5	4
2	19
18	42
43	6
7	3
3	2
2	17
16	26
27	4
5	3
0	13
12	40
41	6
7	1
1	0
0	11
10	24
25	4
5	1
0	9
8	14
15	2
3	1
88
8	20	39	38	54	55	22	23	21
8	30	39	38	60	61	32	33	31
8	46	55	54	60	61	48	49	47
8	10	33	32	48	49	12	13	11
8	8	23	22	46	47	12	13	9
8	8	21	20	30	31	10	11	9
8	34	39	38	62	63	36	37	35
8	50	55	54	62	63	52	53	51
8	16	37	36	52	53	18	19	17
8	14	23	22	50	51	18	19	15
8	14	21	20	34	35	16	17	15
8	56	61	60	62	63	58	59	57
8	26	37	36	58	59	28	29	27
8	24	33	32	56	57	28	29	25
8	24	31	30	34	35	26	27	25
8	42	53	52	58	59	44	45	43
8	40	49	48	56	57	44	45	41
8	40	47	46	50	51	42	43	41
8	4	29	28	44	45	6	7	5
8	2	19	18	42	43	6	7	3
8	2	17	16	26	27	4	5	3
8	0	13	12	40	41	6	7	1
8	0	11	10	24	25	4	5	1
8	0	9	8	14	15	2	3	1
3	38	54	60
3	20	30	39
3	22	46	55
3	8	21	23
3	32	48	61
3	10	31	33
3	12	47	49
3	9	11	13
3	38	54	62
3	20	34	39
3	22	50	55
3	14	21	23
3	36	52	63
3	16	35	37
3	18	51	53
3	15	17	19
3	38	60	62
3	30	34	39
3	32	56	61
3	24	31	33
3	36	58	63
3	26	35	37
3	28	57	59
3	25	27	29
3	54	60	62
3	46	50	55
3	48	56	61
3	40	47	49
3	52	58	63
3	42	51	53
3	44	57	59
3	41	43	45
3	36	52	58
3	16	26	37
3	18	42	53
3	2	17	19
3	28	44	59
3	4	27	29
3	6	43	45
3	3	5	7
3	32	48	56
3	10	24	33
3	12	40	49
3	0	11	13
3	28	44	57
3	4	25	29
3	6	41	45
3	1	5	7
3	22	46	50
3	8	14	23
3	12	40	47
3	0	9	13
3	18	42	51
3	2	15	19
3	6	41	43
3	1	3	7
3	20	30	34
3	8	14	21
3	10	24	31
3	0	9	11
3	16	26	35
3	2	15	17
3	4	25	27
3	1	3	5
