192
-2.96568	-1.36569	-2.16568	-0.565684
-2.96568	-2.16568	-0.565684	-1.36569
-2.96568	-0.565684	-1.36569	-2.16568
-2.16568	-2.96568	-1.36569	-0.565684
-1.36569	-2.96568	-0.565684	-2.16568
-0.565684	-2.96568	-2.16568	-1.36569
-1.36569	-2.16568	-2.96568	-0.565684
-2.16568	-0.565684	-2.96568	-1.36569
-0.565684	-1.36569	-2.96568	-2.16568
-2.16568	-1.36569	-0.565684	-2.96568
-1.36569	-0.565684	-2.16568	-2.96568
-0.565684	-2.16568	-1.36569	-2.96568
-2.96568	-1.36569	-0.565684	2.16568
-2.96568	-0.565684	-2.16568	1.36569
-2.96568	-2.16568	-1.36569	0.565684
-2.16568	-2.96568	-0.565684	1.36569
-0.565684	-2.96568	-1.36569	2.16568
-1.36569	-2.96568	-2.16568	0.565684
-1.36569	-0.565684	-2.96568	2.16568
-0.565684	-2.16568	-2.96568	1.36569
-2.16568	-1.36569	-2.96568	0.565684
-1.36569	-2.16568	-0.565684	2.96568
-2.16568	-0.565684	-1.36569	2.96568
-0.565684	-1.36569	-2.16568	2.96568
-2.96568	-2.16568	1.36569	-0.565684
-2.96568	-0.565684	2.16568	-1.36569
-2.96568	-1.36569	0.565684	-2.16568
-1.36569	-2.96568	2.16568	-0.565684
-0.565684	-2.96568	1.36569	-2.16568
-2.16568	-2.96568	0.565684	-1.36569
-2.16568	-0.565684	1.36569	-2.96568
-0.565684	-1.36569	2.16568	-2.96568
-1.36569	-2.16568	0.565684	-2.96568
-2.16568	-1.36569	2.96568	-0.565684
-1.36569	-0.565684	2.96568	-2.16568
-0.565684	-2.16568	2.96568	-1.36569
-2.96568	-0.565684	1.36569	2.16568
-2.96568	-2.16568	0.565684	1.36569
-2.96568	-1.36569	2.16568	0.565684
-0.565684	-2.96568	2.16568	1.36569
-1.36569	-2.96568	0.565684	2.16568
-2.16568	-2.96568	1.36569	0.565684
-2.16568	-0.565684	2.96568	1.36569
-0.565684	-1.36569	2.96568	2.16568
-1.36569	-2.16568	2.96568	0.565684
-1.36569	-0.565684	2.16568	2.96568
-0.565684	-2.16568	1.36569	2.96568
-2.16568	-1.36569	0.565684	2.96568
-2.96568	2.16568	-1.36569	-0.565684
-2.96568	1.36569	-0.565684	-2.16568
-2.96568	0.565684	-2.16568	-1.36569
-2.16568	1.36569	-2.96568	-0.565684
-0.565684	2.16568	-2.96568	-1.36569
-1.36569	0.565684	-2.96568	-2.16568
-1.36569	2.16568	-0.565684	-2.96568
-0.565684	1.36569	-2.16568	-2.96568
-2.16568	0.565684	-1.36569	-2.96568
-1.36569	2.96568	-2.16568	-0.565684
-2.16568	2.96568	-0.565684	-1.36569
-0.565684	2.96568	-1.36569	-2.16568
-2.96568	2.16568	-0.565684	1.36569
-2.96568	0.565684	-1.36569	2.16568
-2.96568	1.36569	-2.16568	0.565684
-0.565684	1.36569	-2.96568	2.16568
-2.16568	0.565684	-2.96568	1.36569
-1.36569	2.16568	-2.96568	0.565684
-1.36569	2.96568	-0.565684	2.16568
-0.565684	2.96568	-2.16568	1.36569
-2.16568	2.96568	-1.36569	0.565684
-2.16568	1.36569	-0.565684	2.96568
-0.565684	2.16568	-1.36569	2.96568
-1.36569	0.565684	-2.16568	2.96568
-2.96568	1.36569	2.16568	-0.565684
-2.96568	0.565684	1.36569	-2.16568
-2.96568	2.16568	0.565684	-1.36569
-0.565684	2.16568	1.36569	-2.96568
-1.36569	0.565684	2.16568	-2.96568
-2.16568	1.36569	0.565684	-2.96568
-2.16568	2.96568	1.36569	-0.565684
-0.565684	2.96568	2.16568	-1.36569
-1.36569	2.96568	0.565684	-2.16568
-1.36569	2.16568	2.96568	-0.565684
-0.565684	1.36569	2.96568	-2.16568
-2.16568	0.565684	2.96568	-1.36569
-2.96568	0.565684	2.16568	1.36569
-2.96568	1.36569	0.565684	2.16568
-2.96568	2.16568	1.36569	0.565684
-0.565684	2.96568	1.36569	2.16568
-2.16568	2.96568	0.565684	1.36569
-1.36569	2.96568	2.16568	0.565684
-0.565684	2.16568	2.96568	1.36569
-1.36569	0.565684	2.96568	2.16568
-2.16568	1.36569	2.96568	0.565684
-0.565684	1.36569	2.16568	2.96568
-2.16568	0.565684	1.36569	2.96568
-1.36569	2.16568	0.565684	2.96568
1.36569	-2.96568	-2.16568	-0.565684
2.16568	-2.96568	-0.565684	-1.36569
0.565684	-2.96568	-1.36569	-2.16568
2.16568	-1.36569	-2.96568	-0.565684
1.36569	-0.565684	-2.96568	-2.16568
0.565684	-2.16568	-2.96568	-1.36569
1.36569	-2.16568	-0.565684	-2.96568
2.16568	-0.565684	-1.36569	-2.96568
0.565684	-1.36569	-2.16568	-2.96568
2.96568	-2.16568	-1.36569	-0.565684
2.96568	-1.36569	-0.565684	-2.16568
2.96568	-0.565684	-2.16568	-1.36569
1.36569	-2.96568	-0.565684	2.16568
0.565684	-2.96568	-2.16568	1.36569
2.16568	-2.96568	-1.36569	0.565684
2.16568	-0.565684	-2.96568	1.36569
0.565684	-1.36569	-2.96568	2.16568
1.36569	-2.16568	-2.96568	0.565684
2.96568	-2.16568	-0.565684	1.36569
2.96568	-0.565684	-1.36569	2.16568
2.96568	-1.36569	-2.16568	0.565684
2.16568	-1.36569	-0.565684	2.96568
1.36569	-0.565684	-2.16568	2.96568
0.565684	-2.16568	-1.36569	2.96568
2.16568	-2.96568	1.36569	-0.565684
0.565684	-2.96568	2.16568	-1.36569
1.36569	-2.96568	0.565684	-2.16568
1.36569	-0.565684	2.16568	-2.96568
0.565684	-2.16568	1.36569	-2.96568
2.16568	-1.36569	0.565684	-2.96568
2.96568	-1.36569	2.16568	-0.565684
2.96568	-0.565684	1.36569	-2.16568
2.96568	-2.16568	0.565684	-1.36569
1.36569	-2.16568	2.96568	-0.565684
2.16568	-0.565684	2.96568	-1.36569
0.565684	-1.36569	2.96568	-2.16568
0.565684	-2.96568	1.36569	2.16568
2.16568	-2.96568	0.565684	1.36569
1.36569	-2.96568	2.16568	0.565684
2.96568	-0.565684	2.16568	1.36569
2.96568	-1.36569	0.565684	2.16568
2.96568	-2.16568	1.36569	0.565684
1.36569	-0.565684	2.96568	2.16568
0.565684	-2.16568	2.96568	1.36569
2.16568	-1.36569	2.96568	0.565684
2.16568	-0.565684	1.36569	2.96568
0.565684	-1.36569	2.16568	2.96568
1.36569	-2.16568	0.565684	2.96568
1.36569	2.16568	-2.96568	-0.565684
0.565684	1.36569	-2.96568	-2.16568
2.16568	0.565684	-2.96568	-1.36569
2.16568	1.36569	-0.565684	-2.96568
0.565684	2.16568	-1.36569	-2.96568
1.36569	0.565684	-2.16568	-2.96568
2.96568	1.36569	-2.16568	-0.565684
2.96568	2.16568	-0.565684	-1.36569
2.96568	0.565684	-1.36569	-2.16568
2.16568	2.96568	-1.36569	-0.565684
1.36569	2.96568	-0.565684	-2.16568
0.565684	2.96568	-2.16568	-1.36569
0.565684	2.16568	-2.96568	1.36569
1.36569	0.565684	-2.96568	2.16568
2.16568	1.36569	-2.96568	0.565684
2.96568	1.36569	-0.565684	2.16568
2.96568	0.565684	-2.16568	1.36569
2.96568	2.16568	-1.36569	0.565684
2.16568	2.96568	-0.565684	1.36569
0.565684	2.96568	-1.36569	2.16568
1.36569	2.96568	-2.16568	0.565684
1.36569	2.16568	-0.565684	2.96568
0.565684	1.36569	-2.16568	2.96568
2.16568	0.565684	-1.36569	2.96568
0.565684	1.36569	2.16568	-2.96568
2.16568	0.565684	1.36569	-2.96568
1.36569	2.16568	0.565684	-2.96568
2.96568	2.16568	1.36569	-0.565684
2.96568	0.565684	2.16568	-1.36569
2.96568	1.36569	0.565684	-2.16568
1.36569	2.96568	2.16568	-0.565684
0.565684	2.96568	1.36569	-2.16568
2.16568	2.96568	0.565684	-1.36569
2.16568	1.36569	2.96568	-0.565684
0.565684	2.16568	2.96568	-1.36569
1.36569	0.565684	2.96568	-2.16568
2.96568	0.565684	1.36569	2.16568
2.96568	2.16568	0.565684	1.36569
2.96568	1.36569	2.16568	0.565684
0.565684	2.96568	2.16568	1.36569
1.36569	2.96568	0.565684	2.16568
2.16568	2.96568	1.36569	0.565684
0.565684	1.36569	2.96568	2.16568
2.16568	0.565684	2.96568	1.36569
1.36569	2.16568	2.96568	0.565684
0.565684	2.16568	1.36569	2.96568
1.36569	0.565684	2.16568	2.96568
2.16568	1.36569	0.565684	2.96568
864
0	1
1	2
2	0
12	13
13	14
14	12
24	25
25	26
26	24
36	37
37	38
38	36
48	49
49	50
50	48
60	61
61	62
62	60
72	73
73	74
74	72
84	85
85	86
86	84
3	4
4	5
5	3
15	16
16	17
17	15
27	28
28	29
29	27
39	40
40	41
41	39
96	97
97	98
98	96
108	109
109	110
110	108
120	121
121	122
122	120
132	133
133	134
134	132
6	7
7	8
8	6
18	19
19	20
20	18
51	52
52	53
53	51
63	64
64	65
65	63
99	100
100	101
101	99
111	112
112	113
113	111
144	145
145	146
146	144
156	157
157	158
158	156
9	10
10	11
11	9
30	31
31	32
32	30
54	55
55	56
56	54
75	76
76	77
77	75
102	103
103	104
104	102
123	124
124	125
125	123
147	148
148	149
149	147
168	169
169	170
170	168
105	106
106	107
107	105
114	115
115	116
116	114
126	127
127	128
128	126
135	136
136	137
137	135
150	151
151	152
152	150
159	160
160	161
161	159
171	172
172	173
173	171
180	181
181	182
182	180
57	58
58	59
59	57
66	67
67	68
68	66
78	79
79	80
80	78
87	88
88	89
89	87
153	154
154	155
155	153
162	163
163	164
164	162
174	175
175	176
176	174
183	184
184	185
185	183
33	34
34	35
35	33
42	43
43	44
44	42
81	82
82	83
83	81
90	91
91	92
92	90
129	130
130	131
131	129
138	139
139	140
140	138
177	178
178	179
179	177
186	187
187	188
188	186
21	22
22	23
23	21
45	46
46	47
47	45
69	70
70	71
71	69
93	94
94	95
95	93
117	118
118	119
119	117
141	142
142	143
143	141
165	166
166	167
167	165
189	190
190	191
191	189
1	24
24	37
37	14
14	1
0	50
50	62
62	13
13	0
2	49
49	73
73	26
26	2
48	74
74	86
86	60
60	48
25	72
72	84
84	38
38	25
12	61
61	85
85	36
36	12
3	29
29	41
41	15
15	3
5	96
96	109
109	17
17	5
4	98
98	122
122	28
28	4
27	121
121	134
134	39
39	27
16	108
108	132
132	40
40	16
97	120
120	133
133	110
110	97
7	51
51	64
64	20
20	7
6	101
101	113
113	19
19	6
8	100
100	145
145	53
53	8
18	112
112	157
157	63
63	18
99	146
146	158
158	111
111	99
52	144
144	156
156	65
65	52
9	56
56	77
77	30
30	9
11	102
102	124
124	32
32	11
10	104
104	149
149	55
55	10
103	147
147	169
169	125
125	103
54	148
148	170
170	75
75	54
31	123
123	168
168	76
76	31
105	128
128	137
137	114
114	105
107	150
150	160
160	116
116	107
106	152
152	173
173	127
127	106
151	171
171	181
181	161
161	151
126	172
172	182
182	135
135	126
115	159
159	180
180	136
136	115
58	78
78	88
88	68
68	58
57	155
155	164
164	67
67	57
59	154
154	175
175	80
80	59
153	176
176	185
185	162
162	153
79	174
174	183
183	89
89	79
66	163
163	184
184	87
87	66
33	83
83	92
92	42
42	33
35	129
129	139
139	44
44	35
34	131
131	179
179	82
82	34
130	177
177	187
187	140
140	130
81	178
178	188
188	90
90	81
43	138
138	186
186	91
91	43
22	69
69	94
94	47
47	22
21	119
119	143
143	46
46	21
23	118
118	166
166	71
71	23
117	167
167	191
191	141
141	117
70	165
165	189
189	95
95	70
45	142
142	190
190	93
93	45
0	3
3	6
6	0
1	4
4	9
9	1
2	7
7	10
10	2
5	8
8	11
11	5
12	15
15	21
21	12
13	18
18	22
22	13
16	19
19	23
23	16
14	17
17	20
20	14
24	27
27	33
33	24
25	30
30	34
34	25
28	31
31	35
35	28
26	29
29	32
32	26
36	42
42	45
45	36
39	43
43	46
46	39
37	40
40	47
47	37
38	41
41	44
44	38
48	51
51	57
57	48
49	54
54	58
58	49
52	55
55	59
59	52
50	53
53	56
56	50
60	66
66	69
69	60
63	67
67	70
70	63
61	64
64	71
71	61
62	65
65	68
68	62
72	78
78	81
81	72
75	79
79	82
82	75
73	76
76	83
83	73
74	77
77	80
80	74
87	90
90	93
93	87
84	91
91	94
94	84
85	88
88	95
95	85
86	89
89	92
92	86
96	99
99	105
105	96
97	102
102	106
106	97
100	103
103	107
107	100
98	101
101	104
104	98
108	114
114	117
117	108
111	115
115	118
118	111
109	112
112	119
119	109
110	113
113	116
116	110
120	126
126	129
129	120
123	127
127	130
130	123
121	124
124	131
131	121
122	125
125	128
128	122
135	138
138	141
141	135
132	139
139	142
142	132
133	136
136	143
143	133
134	137
137	140
140	134
144	150
150	153
153	144
147	151
151	154
154	147
145	148
148	155
155	145
146	149
149	152
152	146
159	162
162	165
165	159
156	163
163	166
166	156
157	160
160	167
167	157
158	161
161	164
164	158
171	174
174	177
177	171
168	175
175	178
178	168
169	172
172	179
179	169
170	173
173	176
176	170
183	186
186	189
189	183
180	187
187	190
190	180
181	184
184	191
191	181
182	185
185	188
188	182
1	3
3	14
14	0
2	9
9	26
26	1
7	50
50	2
0	7
5	6
6	17
17	3
4	29
29	1
11	98
98	5
4	11
20	6
20	0
8	10
10	53
53	7
8	101
101	5
32	9
32	4
10	56
56	2
11	104
104	8
14	15
15	37
37	12
22	61
61	13
12	22
20	13
16	21
21	40
40	15
17	19
19	109
109	16
64	18
64	13
23	112
112	19
18	23
47	21
47	12
71	22
71	18
23	119
119	16
25	33
33	38
38	24
26	30
30	73
73	25
29	24
41	27
41	24
35	121
121	28
27	35
32	28
31	34
34	76
76	30
124	31
124	28
44	33
44	27
34	83
83	25
35	131
131	31
38	42
42	84
84	36
47	36
41	37
40	46
46	132
132	39
44	39
43	45
45	91
91	42
139	43
139	39
94	45
94	36
46	142
142	43
50	51
51	62
62	48
58	74
74	49
48	58
56	49
52	57
57	65
65	51
53	55
55	145
145	52
77	54
77	49
59	148
148	55
54	59
68	57
68	48
80	58
80	54
59	155
155	52
61	69
69	85
85	60
62	64
68	60
65	67
67	156
156	63
71	63
88	66
88	60
70	163
163	67
66	70
95	69
95	66
166	70
166	63
74	78
78	86
86	72
83	72
77	73
76	82
82	168
168	75
80	75
79	81
81	89
89	78
175	79
175	75
92	81
92	72
82	178
178	79
85	94
86	88
92	84
89	90
90	183
183	87
95	87
91	93
93	186
186	90
189	93
189	87
97	105
105	110
110	96
98	102
102	122
122	97
101	96
113	99
113	96
107	146
146	100
99	107
104	100
103	106
106	125
125	102
149	103
149	100
116	105
116	99
106	128
128	97
107	152
152	103
110	114
114	133
133	108
119	108
113	109
112	118
118	157
157	111
116	111
115	117
117	136
136	114
160	115
160	111
143	117
143	108
118	167
167	115
121	129
129	134
134	120
122	124
128	120
125	127
127	169
169	123
131	123
137	126
137	120
130	172
172	127
126	130
140	129
140	126
179	130
179	123
134	139
143	132
137	133
136	141
141	180
180	135
140	135
187	138
187	135
142	138
190	141
190	138
146	150
150	158
158	144
155	144
149	145
148	154
154	170
170	147
152	147
151	153
153	161
161	150
173	151
173	147
164	153
164	144
154	176
176	151
157	166
158	160
164	156
161	162
162	181
181	159
167	159
163	165
165	184
184	162
191	165
191	159
170	175
179	168
173	169
172	177
177	182
182	171
176	171
185	174
185	171
178	174
188	177
188	174
182	187
191	180
185	181
184	189
188	183
190	186
944
3	0	1	2
3	12	13	14
3	24	25	26
3	36	37	38
3	48	49	50
3	60	61	62
3	72	73	74
3	84	85	86
3	3	4	5
3	15	16	17
3	27	28	29
3	39	40	41
3	96	97	98
3	108	109	110
3	120	121	122
3	132	133	134
3	6	7	8
3	18	19	20
3	51	52	53
3	63	64	65
3	99	100	101
3	111	112	113
3	144	145	146
3	156	157	158
3	9	10	11
3	30	31	32
3	54	55	56
3	75	76	77
3	102	103	104
3	123	124	125
3	147	148	149
3	168	169	170
3	105	106	107
3	114	115	116
3	126	127	128
3	135	136	137
3	150	151	152
3	159	160	161
3	171	172	173
3	180	181	182
3	57	58	59
3	66	67	68
3	78	79	80
3	87	88	89
3	153	154	155
3	162	163	164
3	174	175	176
3	183	184	185
3	33	34	35
3	42	43	44
3	81	82	83
3	90	91	92
3	129	130	131
3	138	139	140
3	177	178	179
3	186	187	188
3	21	22	23
3	45	46	47
3	69	70	71
3	93	94	95
3	117	118	119
3	141	142	143
3	165	166	167
3	189	190	191
4	1	24	37	14
4	0	50	62	13
4	2	49	73	26
4	48	74	86	60
4	25	72	84	38
4	12	61	85	36
4	3	29	41	15
4	5	96	109	17
4	4	98	122	28
4	27	121	134	39
4	16	108	132	40
4	97	120	133	110
4	7	51	64	20
4	6	101	113	19
4	8	100	145	53
4	18	112	157	63
4	99	146	158	111
4	52	144	156	65
4	9	56	77	30
4	11	102	124	32
4	10	104	149	55
4	103	147	169	125
4	54	148	170	75
4	31	123	168	76
4	105	128	137	114
4	107	150	160	116
4	106	152	173	127
4	151	171	181	161
4	126	172	182	135
4	115	159	180	136
4	58	78	88	68
4	57	155	164	67
4	59	154	175	80
4	153	176	185	162
4	79	174	183	89
4	66	163	184	87
4	33	83	92	42
4	35	129	139	44
4	34	131	179	82
4	130	177	187	140
4	81	178	188	90
4	43	138	186	91
4	22	69	94	47
4	21	119	143	46
4	23	118	166	71
4	117	167	191	141
4	70	165	189	95
4	45	142	190	93
3	0	3	6
3	1	4	9
3	2	7	10
3	5	8	11
3	12	15	21
3	13	18	22
3	16	19	23
3	14	17	20
3	24	27	33
3	25	30	34
3	28	31	35
3	26	29	32
3	36	42	45
3	39	43	46
3	37	40	47
3	38	41	44
3	48	51	57
3	49	54	58
3	52	55	59
3	50	53	56
3	60	66	69
3	63	67	70
3	61	64	71
3	62	65	68
3	72	78	81
3	75	79	82
3	73	76	83
3	74	77	80
3	87	90	93
3	84	91	94
3	85	88	95
3	86	89	92
3	96	99	105
3	97	102	106
3	100	103	107
3	98	101	104
3	108	114	117
3	111	115	118
3	109	112	119
3	110	113	116
3	120	126	129
3	123	127	130
3	121	124	131
3	122	125	128
3	135	138	141
3	132	139	142
3	133	136	143
3	134	137	140
3	144	150	153
3	147	151	154
3	145	148	155
3	146	149	152
3	159	162	165
3	156	163	166
3	157	160	167
3	158	161	164
3	171	174	177
3	168	175	178
3	169	172	179
3	170	173	176
3	183	186	189
3	180	187	190
3	181	184	191
3	182	185	188
3	1	3	14
3	0	3	14
3	0	1	14
3	0	1	3
3	2	9	26
3	1	9	26
3	1	2	26
3	1	2	9
3	2	7	50
3	0	7	50
3	0	2	50
3	0	2	7
3	5	6	17
3	3	6	17
3	3	5	17
3	3	5	6
3	3	4	29
3	1	4	29
3	1	3	29
3	1	3	4
3	5	11	98
3	4	11	98
3	4	5	98
3	4	5	11
3	6	7	20
3	0	7	20
3	0	6	20
3	0	6	7
3	8	10	53
3	7	10	53
3	7	8	53
3	7	8	10
3	6	8	101
3	5	8	101
3	5	6	101
3	5	6	8
3	9	11	32
3	4	11	32
3	4	9	32
3	4	9	11
3	9	10	56
3	2	10	56
3	2	9	56
3	2	9	10
3	10	11	104
3	8	11	104
3	8	10	104
3	8	10	11
3	14	15	37
3	12	15	37
3	12	14	37
3	12	14	15
3	13	22	61
3	12	22	61
3	12	13	61
3	12	13	22
3	13	14	20
3	0	14	20
3	0	13	20
3	0	13	14
3	16	21	40
3	15	21	40
3	15	16	40
3	15	16	21
3	17	19	109
3	16	19	109
3	16	17	109
3	16	17	19
3	14	15	17
3	3	15	17
3	3	14	17
3	3	14	15
3	18	20	64
3	13	20	64
3	13	18	64
3	13	18	20
3	19	23	112
3	18	23	112
3	18	19	112
3	18	19	23
3	17	19	20
3	6	19	20
3	6	17	20
3	6	17	19
3	21	22	47
3	12	22	47
3	12	21	47
3	12	21	22
3	22	23	71
3	18	23	71
3	18	22	71
3	18	22	23
3	21	23	119
3	16	23	119
3	16	21	119
3	16	21	23
3	25	33	38
3	24	33	38
3	24	25	38
3	24	25	33
3	26	30	73
3	25	30	73
3	25	26	73
3	25	26	30
3	24	26	29
3	1	26	29
3	1	24	29
3	1	24	26
3	27	29	41
3	24	29	41
3	24	27	41
3	24	27	29
3	28	35	121
3	27	35	121
3	27	28	121
3	27	28	35
3	28	29	32
3	4	29	32
3	4	28	32
3	4	28	29
3	31	34	76
3	30	34	76
3	30	31	76
3	30	31	34
3	31	32	124
3	28	32	124
3	28	31	124
3	28	31	32
3	26	30	32
3	9	30	32
3	9	26	32
3	9	26	30
3	33	35	44
3	27	35	44
3	27	33	44
3	27	33	35
3	33	34	83
3	25	34	83
3	25	33	83
3	25	33	34
3	34	35	131
3	31	35	131
3	31	34	131
3	31	34	35
3	38	42	84
3	36	42	84
3	36	38	84
3	36	38	42
3	36	37	47
3	12	37	47
3	12	36	47
3	12	36	37
3	37	38	41
3	24	38	41
3	24	37	41
3	24	37	38
3	40	46	132
3	39	46	132
3	39	40	132
3	39	40	46
3	37	40	41
3	15	40	41
3	15	37	41
3	15	37	40
3	39	41	44
3	27	41	44
3	27	39	44
3	27	39	41
3	43	45	91
3	42	45	91
3	42	43	91
3	42	43	45
3	43	44	139
3	39	44	139
3	39	43	139
3	39	43	44
3	38	42	44
3	33	42	44
3	33	38	44
3	33	38	42
3	45	47	94
3	36	47	94
3	36	45	94
3	36	45	47
3	45	46	142
3	43	46	142
3	43	45	142
3	43	45	46
3	40	46	47
3	21	46	47
3	21	40	47
3	21	40	46
3	50	51	62
3	48	51	62
3	48	50	62
3	48	50	51
3	49	58	74
3	48	58	74
3	48	49	74
3	48	49	58
3	49	50	56
3	2	50	56
3	2	49	56
3	2	49	50
3	52	57	65
3	51	57	65
3	51	52	65
3	51	52	57
3	53	55	145
3	52	55	145
3	52	53	145
3	52	53	55
3	50	51	53
3	7	51	53
3	7	50	53
3	7	50	51
3	54	56	77
3	49	56	77
3	49	54	77
3	49	54	56
3	55	59	148
3	54	59	148
3	54	55	148
3	54	55	59
3	53	55	56
3	10	55	56
3	10	53	56
3	10	53	55
3	57	58	68
3	48	58	68
3	48	57	68
3	48	57	58
3	58	59	80
3	54	59	80
3	54	58	80
3	54	58	59
3	57	59	155
3	52	59	155
3	52	57	155
3	52	57	59
3	61	69	85
3	60	69	85
3	60	61	85
3	60	61	69
3	61	62	64
3	13	62	64
3	13	61	64
3	13	61	62
3	60	62	68
3	48	62	68
3	48	60	68
3	48	60	62
3	65	67	156
3	63	67	156
3	63	65	156
3	63	65	67
3	63	64	71
3	18	64	71
3	18	63	71
3	18	63	64
3	62	64	65
3	51	64	65
3	51	62	65
3	51	62	64
3	66	68	88
3	60	68	88
3	60	66	88
3	60	66	68
3	67	70	163
3	66	70	163
3	66	67	163
3	66	67	70
3	65	67	68
3	57	67	68
3	57	65	68
3	57	65	67
3	69	70	95
3	66	70	95
3	66	69	95
3	66	69	70
3	70	71	166
3	63	71	166
3	63	70	166
3	63	70	71
3	61	69	71
3	22	69	71
3	22	61	71
3	22	61	69
3	74	78	86
3	72	78	86
3	72	74	86
3	72	74	78
3	72	73	83
3	25	73	83
3	25	72	83
3	25	72	73
3	73	74	77
3	49	74	77
3	49	73	77
3	49	73	74
3	76	82	168
3	75	82	168
3	75	76	168
3	75	76	82
3	73	76	77
3	30	76	77
3	30	73	77
3	30	73	76
3	75	77	80
3	54	77	80
3	54	75	80
3	54	75	77
3	79	81	89
3	78	81	89
3	78	79	89
3	78	79	81
3	79	80	175
3	75	80	175
3	75	79	175
3	75	79	80
3	74	78	80
3	58	78	80
3	58	74	80
3	58	74	78
3	81	83	92
3	72	83	92
3	72	81	92
3	72	81	83
3	81	82	178
3	79	82	178
3	79	81	178
3	79	81	82
3	76	82	83
3	34	82	83
3	34	76	83
3	34	76	82
3	84	85	94
3	36	85	94
3	36	84	94
3	36	84	85
3	85	86	88
3	60	86	88
3	60	85	88
3	60	85	86
3	84	86	92
3	72	86	92
3	72	84	92
3	72	84	86
3	89	90	183
3	87	90	183
3	87	89	183
3	87	89	90
3	87	88	95
3	66	88	95
3	66	87	95
3	66	87	88
3	86	88	89
3	78	88	89
3	78	86	89
3	78	86	88
3	91	93	186
3	90	93	186
3	90	91	186
3	90	91	93
3	84	91	92
3	42	91	92
3	42	84	92
3	42	84	91
3	89	90	92
3	81	90	92
3	81	89	92
3	81	89	90
3	93	95	189
3	87	95	189
3	87	93	189
3	87	93	95
3	91	93	94
3	45	93	94
3	45	91	94
3	45	91	93
3	85	94	95
3	69	94	95
3	69	85	95
3	69	85	94
3	97	105	110
3	96	105	110
3	96	97	110
3	96	97	105
3	98	102	122
3	97	102	122
3	97	98	122
3	97	98	102
3	96	98	101
3	5	98	101
3	5	96	101
3	5	96	98
3	99	101	113
3	96	101	113
3	96	99	113
3	96	99	101
3	100	107	146
3	99	107	146
3	99	100	146
3	99	100	107
3	100	101	104
3	8	101	104
3	8	100	104
3	8	100	101
3	103	106	125
3	102	106	125
3	102	103	125
3	102	103	106
3	103	104	149
3	100	104	149
3	100	103	149
3	100	103	104
3	98	102	104
3	11	102	104
3	11	98	104
3	11	98	102
3	105	107	116
3	99	107	116
3	99	105	116
3	99	105	107
3	105	106	128
3	97	106	128
3	97	105	128
3	97	105	106
3	106	107	152
3	103	107	152
3	103	106	152
3	103	106	107
3	110	114	133
3	108	114	133
3	108	110	133
3	108	110	114
3	108	109	119
3	16	109	119
3	16	108	119
3	16	108	109
3	109	110	113
3	96	110	113
3	96	109	113
3	96	109	110
3	112	118	157
3	111	118	157
3	111	112	157
3	111	112	118
3	109	112	113
3	19	112	113
3	19	109	113
3	19	109	112
3	111	113	116
3	99	113	116
3	99	111	116
3	99	111	113
3	115	117	136
3	114	117	136
3	114	115	136
3	114	115	117
3	115	116	160
3	111	116	160
3	111	115	160
3	111	115	116
3	110	114	116
3	105	114	116
3	105	110	116
3	105	110	114
3	117	119	143
3	108	119	143
3	108	117	143
3	108	117	119
3	117	118	167
3	115	118	167
3	115	117	167
3	115	117	118
3	112	118	119
3	23	118	119
3	23	112	119
3	23	112	118
3	121	129	134
3	120	129	134
3	120	121	134
3	120	121	129
3	121	122	124
3	28	122	124
3	28	121	124
3	28	121	122
3	120	122	128
3	97	122	128
3	97	120	128
3	97	120	122
3	125	127	169
3	123	127	169
3	123	125	169
3	123	125	127
3	123	124	131
3	31	124	131
3	31	123	131
3	31	123	124
3	122	124	125
3	102	124	125
3	102	122	125
3	102	122	124
3	126	128	137
3	120	128	137
3	120	126	137
3	120	126	128
3	127	130	172
3	126	130	172
3	126	127	172
3	126	127	130
3	125	127	128
3	106	127	128
3	106	125	128
3	106	125	127
3	129	130	140
3	126	130	140
3	126	129	140
3	126	129	130
3	130	131	179
3	123	131	179
3	123	130	179
3	123	130	131
3	121	129	131
3	35	129	131
3	35	121	131
3	35	121	129
3	132	134	139
3	39	134	139
3	39	132	139
3	39	132	134
3	132	133	143
3	108	133	143
3	108	132	143
3	108	132	133
3	133	134	137
3	120	134	137
3	120	133	137
3	120	133	134
3	136	141	180
3	135	141	180
3	135	136	180
3	135	136	141
3	133	136	137
3	114	136	137
3	114	133	137
3	114	133	136
3	135	137	140
3	126	137	140
3	126	135	140
3	126	135	137
3	138	140	187
3	135	140	187
3	135	138	187
3	135	138	140
3	138	139	142
3	43	139	142
3	43	138	142
3	43	138	139
3	134	139	140
3	129	139	140
3	129	134	140
3	129	134	139
3	141	142	190
3	138	142	190
3	138	141	190
3	138	141	142
3	132	142	143
3	46	142	143
3	46	132	143
3	46	132	142
3	136	141	143
3	117	141	143
3	117	136	143
3	117	136	141
3	146	150	158
3	144	150	158
3	144	146	158
3	144	146	150
3	144	145	155
3	52	145	155
3	52	144	155
3	52	144	145
3	145	146	149
3	100	146	149
3	100	145	149
3	100	145	146
3	148	154	170
3	147	154	170
3	147	148	170
3	147	148	154
3	145	148	149
3	55	148	149
3	55	145	149
3	55	145	148
3	147	149	152
3	103	149	152
3	103	147	152
3	103	147	149
3	151	153	161
3	150	153	161
3	150	151	161
3	150	151	153
3	151	152	173
3	147	152	173
3	147	151	173
3	147	151	152
3	146	150	152
3	107	150	152
3	107	146	152
3	107	146	150
3	153	155	164
3	144	155	164
3	144	153	164
3	144	153	155
3	153	154	176
3	151	154	176
3	151	153	176
3	151	153	154
3	148	154	155
3	59	154	155
3	59	148	155
3	59	148	154
3	156	157	166
3	63	157	166
3	63	156	166
3	63	156	157
3	157	158	160
3	111	158	160
3	111	157	160
3	111	157	158
3	156	158	164
3	144	158	164
3	144	156	164
3	144	156	158
3	161	162	181
3	159	162	181
3	159	161	181
3	159	161	162
3	159	160	167
3	115	160	167
3	115	159	167
3	115	159	160
3	158	160	161
3	150	160	161
3	150	158	161
3	150	158	160
3	163	165	184
3	162	165	184
3	162	163	184
3	162	163	165
3	156	163	164
3	67	163	164
3	67	156	164
3	67	156	163
3	161	162	164
3	153	162	164
3	153	161	164
3	153	161	162
3	165	167	191
3	159	167	191
3	159	165	191
3	159	165	167
3	163	165	166
3	70	165	166
3	70	163	166
3	70	163	165
3	157	166	167
3	118	166	167
3	118	157	167
3	118	157	166
3	168	170	175
3	75	170	175
3	75	168	175
3	75	168	170
3	168	169	179
3	123	169	179
3	123	168	179
3	123	168	169
3	169	170	173
3	147	170	173
3	147	169	173
3	147	169	170
3	172	177	182
3	171	177	182
3	171	172	182
3	171	172	177
3	169	172	173
3	127	172	173
3	127	169	173
3	127	169	172
3	171	173	176
3	151	173	176
3	151	171	176
3	151	171	173
3	174	176	185
3	171	176	185
3	171	174	185
3	171	174	176
3	174	175	178
3	79	175	178
3	79	174	178
3	79	174	175
3	170	175	176
3	154	175	176
3	154	170	176
3	154	170	175
3	177	178	188
3	174	178	188
3	174	177	188
3	174	177	178
3	168	178	179
3	82	178	179
3	82	168	179
3	82	168	178
3	172	177	179
3	130	177	179
3	130	172	179
3	130	172	177
3	180	182	187
3	135	182	187
3	135	180	187
3	135	180	182
3	180	181	191
3	159	181	191
3	159	180	191
3	159	180	181
3	181	182	185
3	171	182	185
3	171	181	185
3	171	181	182
3	183	184	189
3	87	184	189
3	87	183	189
3	87	183	184
3	181	184	185
3	162	184	185
3	162	181	185
3	162	181	184
3	183	185	188
3	174	185	188
3	174	183	188
3	174	183	185
3	183	186	188
3	90	186	188
3	90	183	188
3	90	183	186
3	186	187	190
3	138	187	190
3	138	186	190
3	138	186	187
3	182	187	188
3	177	187	188
3	177	182	188
3	177	182	187
3	186	189	190
3	93	189	190
3	93	186	190
3	93	186	189
3	180	190	191
3	141	190	191
3	141	180	191
3	141	180	190
3	184	189	191
3	165	189	191
3	165	184	191
3	165	184	189
